Namespace(optimizer='sgd', iterations=100000, batch_size_train=100, batch_size_eval=100, lr=0.05, mom=0.9, wd=0, print_freq=200, eval_freq=200000000, dataset='cifar10', path='./data', seed=0, model='fc', criterion='NLL', scale=64, depth=3, width=100, save_dir='model/', verbose=False, double=False, no_cuda=False, lr_schedule=False, use_cuda=True, device=device(type='cuda'))
Files already downloaded and verified
Files already downloaded and verified
FullyConnected(
  (fc): Sequential(
    (0): Linear(in_features=3072, out_features=100, bias=False)
    (1): ReLU(inplace=True)
    (2): Linear(in_features=100, out_features=100, bias=False)
    (3): ReLU()
    (4): Linear(in_features=100, out_features=10, bias=False)
  )
)
[2.3  8.85 1.15]
[2.3  9.03 1.19]
[0, 2.3011488914489746, 10.0]
eval time 0
[ 2.3  10.87  1.15]
[ 2.3  10.88  1.19]
Folder already exists, beware of overriding old data!
Folder already exists, beware of overriding old data!
eval time 50
[ 1.87 33.    1.14]
[ 1.87 33.64  1.18]
eval time 100
[ 1.76 37.91  1.15]
[ 1.76 37.56  1.19]
eval time 150
[ 1.79 37.37  1.15]
[ 1.78 37.93  1.18]
[200, 1.83015775680542, 29.0]
eval time 200
[ 1.75 37.68  1.13]
[ 1.75 38.52  1.18]
eval time 250
[ 1.76 39.25  1.14]
[ 1.75 39.22  1.17]
eval time 300
[ 1.76 37.56  1.13]
[ 1.73 38.19  1.17]
eval time 350
[ 1.78 36.59  1.13]
[ 1.77 37.29  1.17]
[400, 1.5129786729812622, 47.0]
eval time 400
[ 1.76 38.72  1.12]
[ 1.73 39.83  1.16]
eval time 450
[ 1.8  37.22  1.11]
[ 1.76 38.28  1.15]
eval time 500
[ 1.71 39.44  1.12]
[ 1.69 40.25  1.16]
eval time 550
[ 1.77 38.12  1.11]
[ 1.74 39.58  1.16]
[600, 1.665757417678833, 43.0]
eval time 600
[ 1.75 38.07  1.12]
[ 1.73 38.73  1.16]
eval time 650
[ 1.85 36.7   1.12]
[ 1.82 37.76  1.16]
eval time 700
[ 1.79 38.26  1.12]
[ 1.76 38.58  1.16]
eval time 750
[ 1.75 39.96  1.11]
[ 1.73 39.72  1.15]
[800, 1.6771045923233032, 37.0]
eval time 800
[ 1.76 37.79  1.11]
[ 1.73 38.64  1.15]
eval time 850
[ 1.74 39.07  1.1 ]
[ 1.69 40.5   1.15]
eval time 900
[ 1.81 37.59  1.12]
[ 1.77 39.23  1.16]
eval time 950
[ 1.76 38.33  1.11]
[ 1.72 39.37  1.15]
[1000, 1.7779842615127563, 40.0]
eval time 1000
[ 1.73 38.81  1.1 ]
[ 1.68 40.78  1.15]
eval time 1050
[ 1.78 37.48  1.1 ]
[ 1.73 39.51  1.15]
eval time 1100
[ 1.77 39.27  1.11]
[ 1.7  41.03  1.15]
eval time 1150
[ 1.76 38.99  1.11]
[ 1.71 39.94  1.15]
[1200, 1.8461756706237793, 36.0]
eval time 1200
[ 1.74 39.92  1.11]
[ 1.7  41.28  1.15]
eval time 1250
[ 1.78 37.9   1.11]
[ 1.73 38.98  1.15]
eval time 1300
[ 1.74 39.43  1.1 ]
[ 1.68 40.94  1.15]
eval time 1350
[ 1.74 39.19  1.1 ]
[ 1.68 40.95  1.15]
[1400, 1.5697952508926392, 44.0]
eval time 1400
[ 1.73 40.3   1.11]
[ 1.67 41.74  1.15]
eval time 1450
[ 1.79 37.28  1.11]
[ 1.72 39.    1.16]
eval time 1500
[ 1.75 39.09  1.1 ]
[ 1.7  40.75  1.15]
eval time 1550
[ 1.77 40.14  1.1 ]
[ 1.69 41.89  1.15]
[1600, 1.6005222797393799, 48.0]
eval time 1600
[ 1.8 39.1  1.1]
[ 1.73 41.18  1.15]
eval time 1650
[ 1.73 40.51  1.1 ]
[ 1.65 42.42  1.14]
eval time 1700
[ 1.71 40.14  1.1 ]
[ 1.65 42.02  1.15]
eval time 1750
[ 1.71 40.01  1.09]
[ 1.64 42.71  1.15]
[1800, 1.7350037097930908, 37.0]
eval time 1800
[ 1.73 39.55  1.09]
[ 1.65 41.81  1.15]
eval time 1850
[ 1.76 39.61  1.1 ]
[ 1.69 41.13  1.14]
eval time 1900
[ 1.8  38.22  1.1 ]
[ 1.72 40.2   1.15]
eval time 1950
[ 1.8  37.77  1.1 ]
[ 1.72 41.02  1.15]
[2000, 1.6932567358016968, 40.0]
eval time 2000
[ 1.74 40.25  1.1 ]
[ 1.67 42.49  1.14]
eval time 2050
[ 1.83 40.58  1.1 ]
[ 1.73 42.72  1.15]
eval time 2100
[ 1.84 37.5   1.1 ]
[ 1.76 40.26  1.15]
eval time 2150
[ 1.77 40.09  1.1 ]
[ 1.68 42.74  1.15]
[2200, 1.827804684638977, 36.0]
eval time 2200
[ 1.76 37.1   1.09]
[ 1.69 39.05  1.14]
eval time 2250
[ 1.76 39.84  1.09]
[ 1.68 41.37  1.14]
eval time 2300
[ 1.78 40.    1.1 ]
[ 1.68 42.66  1.15]
eval time 2350
[ 1.78 39.77  1.1 ]
[ 1.67 42.45  1.14]
[2400, 1.423670768737793, 47.0]
eval time 2400
[ 1.78 40.22  1.09]
[ 1.66 43.43  1.14]
eval time 2450
[ 1.87 35.23  1.1 ]
[ 1.78 37.53  1.15]
eval time 2500
[ 1.79 37.67  1.1 ]
[ 1.7  39.86  1.15]
eval time 2550
[ 1.82 38.72  1.1 ]
[ 1.72 41.75  1.14]
[2600, 1.4944416284561157, 55.0]
eval time 2600
[ 1.81 38.33  1.1 ]
[ 1.7  41.99  1.15]
eval time 2650
[ 1.79 36.9   1.11]
[ 1.69 39.81  1.15]
eval time 2700
[ 1.81 38.55  1.1 ]
[ 1.71 40.89  1.15]
eval time 2750
[ 1.84 37.05  1.1 ]
[ 1.73 39.63  1.16]
[2800, 1.804313063621521, 33.0]
eval time 2800
[ 1.79 36.83  1.1 ]
[ 1.67 40.32  1.15]
eval time 2850
[ 1.82 37.9   1.1 ]
[ 1.71 40.77  1.15]
eval time 2900
[ 1.81 38.66  1.1 ]
[ 1.66 42.59  1.15]
eval time 2950
[ 1.81 38.25  1.1 ]
[ 1.7  40.89  1.15]
[3000, 1.5619685649871826, 45.0]
eval time 3000
[ 1.78 40.89  1.09]
[ 1.65 44.35  1.14]
[3200, 1.8052880764007568, 38.0]
[3400, 1.474494457244873, 51.0]
eval time 3500
[ 1.79 39.75  1.1 ]
[ 1.64 44.02  1.15]
[3600, 1.5114995241165161, 54.0]
[3800, 1.6190849542617798, 43.0]
[4000, 1.6325557231903076, 38.0]
eval time 4000
[ 1.79 40.25  1.09]
[ 1.64 44.12  1.14]
[4200, 1.6969712972640991, 41.0]
[4400, 1.403370976448059, 48.0]
eval time 4500
[ 1.86 37.15  1.09]
[ 1.69 41.42  1.14]
[4600, 1.5352914333343506, 50.0]
[4800, 1.8327548503875732, 38.0]
[5000, 1.5051287412643433, 49.0]
eval time 5000
[ 1.81 38.81  1.1 ]
[ 1.63 42.81  1.15]
[5200, 1.6824067831039429, 46.0]
[5400, 1.6057751178741455, 52.0]
eval time 5500
[ 1.86 37.27  1.1 ]
[ 1.65 41.52  1.14]
[5600, 1.6283621788024902, 43.0]
[5800, 1.7897878885269165, 38.0]
[6000, 1.6588705778121948, 44.0]
eval time 6000
[ 1.86 37.37  1.1 ]
[ 1.65 42.42  1.14]
[6200, 1.8895487785339355, 31.0]
[6400, 1.3752883672714233, 49.0]
eval time 6500
[ 1.88 38.25  1.09]
[ 1.64 43.18  1.14]
[6600, 1.396107792854309, 56.0]
[6800, 1.7949202060699463, 36.0]
[7000, 1.630774974822998, 36.0]
eval time 7000
[ 1.9  33.44  1.1 ]
[ 1.7  38.58  1.14]
[7200, 1.7176796197891235, 41.0]
[7400, 1.4338706731796265, 51.0]
eval time 7500
[ 1.92 37.76  1.1 ]
[ 1.65 43.06  1.14]
[7600, 1.2943764925003052, 53.0]
[7800, 1.7126072645187378, 41.0]
[8000, 1.6110634803771973, 44.0]
eval time 8000
[ 1.9  38.01  1.09]
[ 1.66 43.25  1.13]
[8200, 1.8001736402511597, 37.0]
[8400, 1.3571244478225708, 48.0]
eval time 8500
[ 1.89 37.27  1.1 ]
[ 1.65 42.99  1.15]
[8600, 1.4944720268249512, 48.0]
[8800, 1.5258275270462036, 45.0]
[9000, 1.6094310283660889, 46.0]
eval time 9000
[ 1.89 38.73  1.1 ]
[ 1.57 44.96  1.14]
[9200, 1.7984100580215454, 35.0]
[9400, 1.4058887958526611, 52.0]
eval time 9500
[ 1.98 37.26  1.09]
[ 1.64 42.95  1.14]
[9600, 1.3808866739273071, 45.0]
[9800, 1.5810273885726929, 40.0]
[10000, 1.5243828296661377, 48.0]
eval time 10000
[ 1.93 38.9   1.08]
[ 1.61 45.36  1.13]
[10200, 1.8431713581085205, 31.0]
[10400, 1.4999538660049438, 44.0]
eval time 10500
[ 2.01 36.54  1.09]
[ 1.69 42.96  1.13]
[10600, 1.6566565036773682, 41.0]
[10800, 1.7487967014312744, 44.0]
[11000, 1.6963183879852295, 41.0]
eval time 11000
[ 1.96 36.55  1.08]
[ 1.65 42.84  1.13]
[11200, 1.6454761028289795, 46.0]
[11400, 1.351657748222351, 46.0]
eval time 11500
[ 1.94 38.5   1.09]
[ 1.58 45.41  1.13]
[11600, 1.469456434249878, 51.0]
[11800, 1.5761184692382812, 44.0]
[12000, 1.5345795154571533, 47.0]
eval time 12000
[ 2.1  39.05  1.08]
[ 1.65 46.26  1.12]
[12200, 1.9120495319366455, 31.0]
[12400, 1.396257758140564, 49.0]
eval time 12500
[ 1.94 35.36  1.08]
[ 1.59 42.53  1.13]
[12600, 1.4678597450256348, 41.0]
[12800, 1.7174509763717651, 41.0]
[13000, 1.6451045274734497, 42.0]
eval time 13000
[ 1.99 36.27  1.09]
[ 1.63 43.77  1.13]
[13200, 1.923982858657837, 33.0]
[13400, 1.4421887397766113, 43.0]
eval time 13500
[ 2.02 34.37  1.08]
[ 1.65 41.69  1.12]
[13600, 1.6085010766983032, 42.0]
[13800, 1.6375160217285156, 45.0]
[14000, 1.4844905138015747, 47.0]
eval time 14000
[ 2.11 38.39  1.08]
[ 1.64 45.72  1.12]
[14200, 1.9000047445297241, 36.0]
[14400, 1.4111415147781372, 42.0]
eval time 14500
[ 2.07 36.44  1.08]
[ 1.64 43.65  1.12]
[14600, 1.4479964971542358, 50.0]
[14800, 1.6172680854797363, 42.0]
[15000, 1.585355281829834, 44.0]
eval time 15000
[ 2.05 34.93  1.08]
[ 1.63 43.55  1.13]
[15200, 1.6733882427215576, 37.0]
[15400, 1.3155895471572876, 49.0]
eval time 15500
[ 2.07 35.18  1.08]
[ 1.64 42.6   1.13]
[15600, 1.421553373336792, 41.0]
[15800, 1.5038354396820068, 46.0]
[16000, 1.6996557712554932, 44.0]
eval time 16000
[ 2.02 35.85  1.09]
[ 1.56 44.18  1.13]
[16200, 1.8070590496063232, 40.0]
[16400, 1.3570642471313477, 47.0]
eval time 16500
[ 2.18 35.69  1.08]
[ 1.69 43.87  1.13]
[16600, 1.645877480506897, 41.0]
[16800, 1.6743321418762207, 43.0]
[17000, 1.6639115810394287, 46.0]
eval time 17000
[ 2.09 36.14  1.08]
[ 1.62 44.59  1.12]
[17200, 1.8201158046722412, 38.0]
[17400, 1.3153131008148193, 47.0]
eval time 17500
[ 2.14 35.4   1.07]
[ 1.67 43.61  1.11]
[17600, 1.3138786554336548, 53.0]
[17800, 1.8598240613937378, 38.0]
[18000, 1.5525403022766113, 38.0]
eval time 18000
[ 2.05 35.79  1.08]
[ 1.59 43.87  1.12]
[18200, 1.7783410549163818, 36.0]
[18400, 1.468379259109497, 43.0]
eval time 18500
[ 2.2  36.32  1.08]
[ 1.65 45.24  1.11]
[18600, 1.4962164163589478, 48.0]
[18800, 1.8292237520217896, 42.0]
[19000, 1.545508623123169, 40.0]
eval time 19000
[ 2.12 34.94  1.08]
[ 1.61 44.27  1.11]
[19200, 1.6968036890029907, 38.0]
[19400, 1.3570877313613892, 46.0]
eval time 19500
[ 2.21 34.43  1.08]
[ 1.63 42.97  1.11]
[19600, 1.5611048936843872, 40.0]
[19800, 1.740014910697937, 40.0]
[20000, 1.6673989295959473, 41.0]
eval time 20000
[ 2.11 33.58  1.07]
[ 1.63 41.87  1.11]
[20200, 1.834079623222351, 37.0]
[20400, 1.453157901763916, 46.0]
eval time 20500
[ 2.23 35.69  1.08]
[ 1.58 45.    1.11]
[20600, 1.5011731386184692, 48.0]
[20800, 1.67374587059021, 40.0]
[21000, 1.8814561367034912, 40.0]
eval time 21000
[ 2.13 34.2   1.07]
[ 1.6  43.11  1.11]
[21200, 1.6674171686172485, 44.0]
[21400, 1.430146336555481, 43.0]
eval time 21500
[ 2.12 33.82  1.08]
[ 1.61 43.12  1.11]
[21600, 1.5226695537567139, 49.0]
[21800, 1.6299303770065308, 40.0]
[22000, 1.6272066831588745, 39.0]
eval time 22000
[ 2.21 34.16  1.07]
[ 1.62 42.64  1.1 ]
[22200, 1.7817542552947998, 38.0]
[22400, 1.3256877660751343, 51.0]
eval time 22500
[ 2.24 33.1   1.07]
[ 1.68 41.41  1.11]
[22600, 1.4709804058074951, 43.0]
[22800, 1.6756019592285156, 41.0]
[23000, 1.6151018142700195, 39.0]
eval time 23000
[ 2.22 33.8   1.07]
[ 1.64 42.57  1.1 ]
[23200, 1.770209789276123, 35.0]
[23400, 1.4228260517120361, 46.0]
eval time 23500
[ 2.26 33.42  1.06]
[ 1.68 41.72  1.1 ]
[23600, 1.3946168422698975, 45.0]
[23800, 1.9602793455123901, 38.0]
[24000, 1.5768060684204102, 43.0]
eval time 24000
[ 2.4  33.5   1.07]
[ 1.81 42.09  1.12]
[24200, 1.7242655754089355, 37.0]
[24400, 1.536536693572998, 39.0]
eval time 24500
[ 2.28 32.4   1.07]
[ 1.71 40.66  1.1 ]
[24600, 1.5632470846176147, 42.0]
[24800, 1.6928044557571411, 41.0]
[25000, 1.730239987373352, 36.0]
eval time 25000
[ 2.29 30.8   1.06]
[ 1.68 39.98  1.08]
[25200, 1.697452187538147, 39.0]
[25400, 1.455826997756958, 44.0]
eval time 25500
[ 2.28 33.46  1.07]
[ 1.65 43.39  1.09]
[25600, 1.3507310152053833, 48.0]
[25800, 1.660658836364746, 44.0]
[26000, 1.4833917617797852, 42.0]
eval time 26000
[ 2.31 34.54  1.06]
[ 1.63 44.78  1.1 ]
[26200, 1.6141873598098755, 43.0]
[26400, 1.3473533391952515, 48.0]
eval time 26500
[ 2.22 35.62  1.07]
[ 1.55 45.78  1.1 ]
[26600, 1.47917902469635, 46.0]
[26800, 1.5429340600967407, 41.0]
[27000, 1.4842549562454224, 38.0]
eval time 27000
[ 2.41 33.38  1.08]
[ 1.63 43.61  1.1 ]
[27200, 1.6533668041229248, 42.0]
[27400, 1.4011399745941162, 43.0]
eval time 27500
[ 2.24 34.1   1.07]
[ 1.61 43.54  1.11]
[27600, 1.5772970914840698, 46.0]
[27800, 1.6687909364700317, 37.0]
[28000, 1.5323275327682495, 44.0]
eval time 28000
[ 2.34 34.61  1.06]
[ 1.68 43.96  1.09]
[28200, 1.8122559785842896, 37.0]
[28400, 1.3906488418579102, 45.0]
eval time 28500
[ 2.35 34.52  1.08]
[ 1.6  44.66  1.1 ]
[28600, 1.4828296899795532, 47.0]
[28800, 1.737392544746399, 42.0]
[29000, 1.549808144569397, 42.0]
eval time 29000
[ 2.56 32.15  1.07]
[ 1.76 42.03  1.09]
[29200, 1.9037353992462158, 32.0]
[29400, 1.4163517951965332, 46.0]
eval time 29500
[ 2.34 30.87  1.07]
[ 1.67 41.02  1.1 ]
[29600, 1.6619067192077637, 44.0]
[29800, 1.6921941041946411, 42.0]
[30000, 1.616904854774475, 39.0]
eval time 30000
[ 2.47 28.64  1.06]
[ 1.77 38.2   1.08]
[30200, 1.7229560613632202, 37.0]
[30400, 1.4320074319839478, 40.0]
eval time 30500
[ 2.48 32.35  1.07]
[ 1.69 42.72  1.08]
[30600, 1.5008251667022705, 44.0]
[30800, 1.8570683002471924, 36.0]
[31000, 1.4667302370071411, 45.0]
eval time 31000
[ 2.41 34.39  1.07]
[ 1.62 44.6   1.09]
[31200, 1.9090522527694702, 35.0]
[31400, 1.5405806303024292, 40.0]
eval time 31500
[ 2.34 25.7   1.08]
[ 1.84 33.58  1.09]
[31600, 1.8268731832504272, 38.0]
[31800, 1.6341001987457275, 41.0]
[32000, 1.6608929634094238, 39.0]
eval time 32000
[ 2.41 31.07  1.07]
[ 1.71 40.75  1.09]
[32200, 1.7850346565246582, 37.0]
[32400, 1.4575828313827515, 49.0]
eval time 32500
[ 2.4  32.2   1.07]
[ 1.66 41.43  1.09]
[32600, 1.507706880569458, 45.0]
[32800, 1.5916225910186768, 44.0]
[33000, 1.6202363967895508, 38.0]
eval time 33000
[ 2.49 31.03  1.08]
[ 1.75 39.95  1.11]
[33200, 2.0081024169921875, 34.0]
[33400, 1.5477099418640137, 43.0]
eval time 33500
[ 2.41 32.29  1.06]
[ 1.68 41.66  1.09]
[33600, 1.5694688558578491, 42.0]
[33800, 1.6110249757766724, 44.0]
[34000, 1.7498480081558228, 39.0]
eval time 34000
[ 2.29 29.79  1.06]
[ 1.78 38.44  1.09]
[34200, 1.6609286069869995, 42.0]
[34400, 1.5673646926879883, 41.0]
eval time 34500
[ 2.42 30.71  1.07]
[ 1.79 39.13  1.09]
[34600, 1.4467477798461914, 48.0]
[34800, 1.6491512060165405, 42.0]
[35000, 1.603919267654419, 40.0]
eval time 35000
[ 2.31 29.71  1.08]
[ 1.67 39.62  1.1 ]
Folder already exists, beware of overriding old data!
[35200, 1.7258362770080566, 38.0]
[35400, 1.6065324544906616, 40.0]
eval time 35500
[ 2.36 34.4   1.07]
[ 1.57 44.92  1.1 ]
[35600, 1.3819524049758911, 49.0]
[35800, 1.6299036741256714, 44.0]
[36000, 1.608716607093811, 39.0]
eval time 36000
[ 2.33 32.27  1.07]
[ 1.63 43.14  1.09]
[36200, 1.7619960308074951, 35.0]
[36400, 1.6448570489883423, 41.0]
eval time 36500
[ 2.32 30.23  1.07]
[ 1.69 40.42  1.09]
[36600, 1.639206051826477, 43.0]
[36800, 1.5876622200012207, 43.0]
[37000, 1.764189600944519, 37.0]
eval time 37000
[ 2.59 32.13  1.06]
[ 1.71 42.56  1.09]
[37200, 1.7897911071777344, 32.0]
[37400, 1.465215802192688, 43.0]
eval time 37500
[ 2.39 30.73  1.07]
[ 1.68 40.83  1.09]
[37600, 1.7418084144592285, 44.0]
[37800, 1.549719214439392, 40.0]
[38000, 1.5882648229599, 39.0]
eval time 38000
[ 2.5  33.13  1.07]
[ 1.64 43.58  1.08]
[38200, 1.714451551437378, 44.0]
[38400, 1.373122215270996, 45.0]
eval time 38500
[ 2.37 33.02  1.07]
[ 1.58 44.08  1.09]
[38600, 1.4715479612350464, 47.0]
[38800, 1.6959881782531738, 38.0]
[39000, 1.767210841178894, 37.0]
eval time 39000
[ 2.41 29.2   1.05]
[ 1.71 38.48  1.07]
[39200, 1.9574158191680908, 28.0]
[39400, 1.5890575647354126, 47.0]
eval time 39500
[ 2.73 30.84  1.06]
[ 1.95 40.78  1.08]
[39600, 1.5407280921936035, 46.0]
[39800, 1.583539605140686, 39.0]
[40000, 2.364962100982666, 40.0]
eval time 40000
[ 2.51 31.83  1.06]
[ 1.69 41.84  1.06]
Folder already exists, beware of overriding old data!
[40200, 1.7199691534042358, 37.0]
[40400, 1.5546793937683105, 40.0]
eval time 40500
[ 2.41 30.23  1.07]
[ 1.7  39.43  1.08]
[40600, 1.6106332540512085, 45.0]
[40800, 2.035061836242676, 34.0]
[41000, 1.6240733861923218, 41.0]
eval time 41000
[ 2.73 31.99  1.07]
[ 1.69 42.89  1.08]
[41200, 1.8186780214309692, 34.0]
[41400, 1.3214393854141235, 46.0]
eval time 41500
[ 2.39 28.31  1.05]
[ 1.73 37.35  1.07]
[41600, 1.5383168458938599, 43.0]
[41800, 1.9853533506393433, 36.0]
[42000, 1.5879276990890503, 34.0]
eval time 42000
[ 2.5  31.88  1.05]
[ 1.68 41.81  1.07]
[42200, 1.9214330911636353, 32.0]
[42400, 1.513630986213684, 46.0]
eval time 42500
[ 3.14 28.36  1.04]
[ 2.32 37.64  1.06]
[42600, 1.5221325159072876, 43.0]
[42800, 1.6083972454071045, 43.0]
[43000, 1.5542113780975342, 42.0]
eval time 43000
[ 2.69 33.32  1.06]
[ 1.64 44.85  1.07]
[43200, 1.8349167108535767, 31.0]
[43400, 1.5449728965759277, 40.0]
eval time 43500
[ 2.56 30.67  1.06]
[ 1.64 41.43  1.07]
[43600, 1.4783837795257568, 48.0]
[43800, 1.7377475500106812, 38.0]
[44000, 2.0287468433380127, 32.0]
eval time 44000
[ 2.63 25.32  1.04]
[ 2.03 31.93  1.07]
[44200, 2.0267319679260254, 26.0]
[44400, 1.827468752861023, 29.0]
eval time 44500
[ 2.45 25.44  1.04]
[ 1.84 32.49  1.06]
[44600, 1.6728466749191284, 36.0]
[44800, 2.0398993492126465, 32.0]
[45000, 1.6102166175842285, 36.0]
eval time 45000
[ 2.42 29.75  1.03]
[ 1.76 38.53  1.05]
Folder already exists, beware of overriding old data!
[45200, 2.208897352218628, 22.0]
[45400, 1.5170044898986816, 41.0]
eval time 45500
[ 2.33 26.65  1.06]
[ 1.79 35.14  1.06]
[45600, 1.765693187713623, 35.0]
[45800, 1.930651068687439, 30.0]
[46000, 1.7053594589233398, 35.0]
eval time 46000
[ 2.59 29.25  1.04]
[ 1.75 38.93  1.05]
[46200, 2.028671979904175, 23.0]
[46400, 1.7746657133102417, 41.0]
eval time 46500
[ 2.81 25.64  1.03]
[ 1.94 32.99  1.06]
[46600, 1.7601568698883057, 38.0]
[46800, 1.8101565837860107, 27.0]
[47000, 2.0124289989471436, 26.0]
eval time 47000
[ 2.69 25.1   1.03]
[ 1.9  32.46  1.04]
[47200, 2.10017466545105, 31.0]
[47400, 1.986220121383667, 26.0]
eval time 47500
[ 2.55 26.4   1.04]
[ 1.85 33.48  1.06]
[47600, 1.905400276184082, 26.0]
[47800, 2.005932569503784, 24.0]
[48000, 2.067650318145752, 23.0]
eval time 48000
[ 2.47 20.31  1.04]
[ 2.05 24.8   1.05]
[48200, 2.2183520793914795, 19.0]
[48400, 1.7899357080459595, 29.0]
eval time 48500
[ 2.46 21.91  1.02]
[ 1.96 28.61  1.03]
[48600, 1.759853720664978, 31.0]
[48800, 2.236058473587036, 29.0]
[49000, 2.000260829925537, 23.0]
eval time 49000
[ 2.51 22.11  1.03]
[ 1.97 27.64  1.05]
[49200, 2.1494181156158447, 21.0]
[49400, 1.8788379430770874, 21.0]
eval time 49500
[ 2.55 19.17  1.05]
[ 2.06 24.47  1.04]
[49600, 2.910867691040039, 24.0]
[49800, 1.9763805866241455, 23.0]
[50000, 2.6826729774475098, 24.0]
eval time 50000
[ 2.94 22.78  1.  ]
[ 2.09 28.01  1.03]
Folder already exists, beware of overriding old data!
[50200, 2.0774343013763428, 20.0]
[50400, 2.9575414657592773, 16.0]
eval time 50500
[ 2.47 24.4   1.03]
[ 1.94 30.23  1.03]
[50600, 1.8666540384292603, 25.0]
[50800, 2.1733639240264893, 23.0]
[51000, 1.9081273078918457, 26.0]
eval time 51000
[ 2.43 21.79  1.03]
[ 1.99 27.07  1.04]
[51200, 2.170064926147461, 19.0]
[51400, 1.9108046293258667, 24.0]
eval time 51500
[ 2.39 12.91  1.07]
[ 2.23 14.29  1.08]
[51600, 2.314749002456665, 16.0]
[51800, 2.1416072845458984, 16.0]
[52000, 2.1762280464172363, 12.0]
eval time 52000
[ 2.42 15.    1.05]
[ 2.13 18.14  1.03]
[52200, 2.205475091934204, 15.0]
[52400, 1.9973480701446533, 22.0]
eval time 52500
[ 2.55 18.62  1.02]
[ 2.04 23.5   1.02]
[52600, 2.062263011932373, 26.0]
[52800, 2.1582372188568115, 17.0]
[53000, 1.980040431022644, 20.0]
eval time 53000
[ 2.54 18.81  1.02]
[ 2.05 22.76  1.01]
[53200, 2.2206990718841553, 13.0]
[53400, 2.177924871444702, 10.0]
eval time 53500
[ 2.48 14.72  1.01]
[ 2.17 17.39  1.  ]
[53600, 2.103482723236084, 18.0]
[53800, 2.188344955444336, 13.0]
[54000, 2.3118507862091064, 15.0]
eval time 54000
[ 2.4  18.97  1.02]
[ 2.12 22.39  1.04]
[54200, 2.1883704662323, 16.0]
[54400, 2.3422272205352783, 10.0]
eval time 54500
[ 2.59 16.57  1.03]
[ 2.12 20.39  1.03]
[54600, 2.000627040863037, 23.0]
[54800, 2.380375385284424, 28.0]
[55000, 1.987198829650879, 26.0]
eval time 55000
[ 2.59 19.87  1.03]
[ 2.03 24.94  1.02]
Folder already exists, beware of overriding old data!
[55200, 2.2872164249420166, 17.0]
[55400, 1.9107069969177246, 23.0]
eval time 55500
[ 2.48 20.94  1.01]
[ 2.03 26.21  1.01]
[55600, 1.8571527004241943, 30.0]
[55800, 2.0852620601654053, 24.0]
[56000, 2.061183214187622, 23.0]
eval time 56000
[ 2.51 21.38  1.03]
[ 1.97 27.34  1.02]
[56200, 2.281475305557251, 18.0]
[56400, 1.8919659852981567, 23.0]
eval time 56500
[ 2.79 18.28  1.01]
[ 2.16 23.59  1.01]
[56600, 1.8952959775924683, 28.0]
[56800, 2.609837293624878, 22.0]
[57000, 1.9419832229614258, 20.0]
eval time 57000
[ 2.69 17.22  1.03]
[ 2.08 21.87  1.01]
[57200, 2.459280252456665, 18.0]
[57400, 1.910526156425476, 21.0]
eval time 57500
[ 2.68 17.47  1.03]
[ 2.08 21.87  1.02]
[57600, 2.0163040161132812, 20.0]
[57800, 2.0217702388763428, 21.0]
[58000, 1.917861819267273, 24.0]
eval time 58000
[ 2.75 18.33  1.01]
[ 2.09 22.79  1.  ]
[58200, 2.223942756652832, 15.0]
[58400, 1.947415828704834, 21.0]
eval time 58500
[ 2.58 18.45  1.02]
[ 2.03 23.69  1.02]
[58600, 1.8890708684921265, 25.0]
[58800, 1.9652040004730225, 23.0]
[59000, 1.8572676181793213, 24.0]
eval time 59000
[ 2.62 19.47  1.05]
[ 2.   25.21  1.03]
[59200, 2.0461182594299316, 21.0]
[59400, 1.8177757263183594, 30.0]
eval time 59500
[ 2.82 17.7   1.02]
[ 2.1  22.13  0.99]
[59600, 2.1476762294769287, 19.0]
[59800, 1.9412263631820679, 24.0]
[60000, 2.1327738761901855, 18.0]
eval time 60000
[ 2.93 18.46  1.02]
[ 2.08 23.52  1.03]
Folder already exists, beware of overriding old data!
[60200, 2.2114181518554688, 15.0]
[60400, 1.8335474729537964, 24.0]
eval time 60500
[ 3.01 18.81  1.02]
[ 2.09 23.89  1.01]
[60600, 1.9476786851882935, 24.0]
[60800, 2.5355210304260254, 23.0]
[61000, 1.8755879402160645, 24.0]
eval time 61000
[ 2.68 17.43  1.04]
[ 2.08 21.98  1.03]
[61200, 2.1517112255096436, 18.0]
[61400, 2.1193056106567383, 16.0]
eval time 61500
[ 2.56 14.33  1.03]
[ 2.16 17.32  1.05]
[61600, 2.0117311477661133, 21.0]
[61800, 2.082742214202881, 18.0]
[62000, 2.0720739364624023, 15.0]
eval time 62000
[ 2.84 15.94  1.02]
[ 2.15 19.26  1.  ]
[62200, 2.2840332984924316, 11.0]
[62400, 2.1710357666015625, 11.0]
eval time 62500
[ 2.5  14.17  1.04]
[ 2.2  16.08  1.04]
[62600, 2.1611227989196777, 15.0]
[62800, 2.1293413639068604, 15.0]
[63000, 2.147397518157959, 12.0]
eval time 63000
[ 2.43 14.24  1.03]
[ 2.18 16.92  1.02]
[63200, 2.256587028503418, 13.0]
[63400, 2.224604368209839, 10.0]
eval time 63500
[ 2.52 15.05  0.99]
[ 2.16 17.85  0.99]
[63600, 2.083937168121338, 19.0]
[63800, 2.1919431686401367, 15.0]
[64000, 2.117096424102783, 14.0]
eval time 64000
[ 2.44 15.38  1.02]
[ 2.15 18.22  1.  ]
[64200, 2.3514745235443115, 15.0]
[64400, 2.1675779819488525, 9.0]
eval time 64500
[ 2.44 15.29  1.02]
[ 2.14 18.24  1.01]
[64600, 2.038628578186035, 21.0]
[64800, 2.1316277980804443, 16.0]
[65000, 2.0221729278564453, 18.0]
eval time 65000
[ 2.55 17.88  1.  ]
[ 2.11 21.4   0.98]
Folder already exists, beware of overriding old data!
[65200, 2.0754141807556152, 22.0]
[65400, 2.3424837589263916, 15.0]
eval time 65500
[ 2.48 14.83  1.01]
[ 2.14 17.88  1.02]
[65600, 2.098240613937378, 17.0]
[65800, 2.070157527923584, 19.0]
[66000, 1.976202368736267, 19.0]
eval time 66000
[ 2.71 15.37  1.01]
[ 2.14 18.66  1.  ]
[66200, 2.4506821632385254, 17.0]
[66400, 2.2036240100860596, 18.0]
eval time 66500
[ 2.39 14.68  1.05]
[ 2.15 17.39  1.04]
[66600, 2.1043035984039307, 17.0]
[66800, 2.147224187850952, 15.0]
[67000, 2.145477533340454, 19.0]
eval time 67000
[ 2.48 15.17  1.02]
[ 2.14 18.08  1.  ]
[67200, 2.1414060592651367, 17.0]
[67400, 2.137558937072754, 15.0]
eval time 67500
[ 2.54 17.06  1.01]
[ 2.1  20.77  1.  ]
[67600, 2.048121452331543, 18.0]
[67800, 2.021585464477539, 21.0]
[68000, 2.0756282806396484, 15.0]
eval time 68000
[ 2.54 17.18  1.05]
[ 2.08 20.93  1.04]
[68200, 2.172276020050049, 17.0]
[68400, 2.026293992996216, 15.0]
eval time 68500
[ 2.56 16.53  1.02]
[ 2.12 19.81  1.03]
[68600, 2.036912202835083, 18.0]
[68800, 2.0930488109588623, 17.0]
[69000, 2.0582659244537354, 16.0]
eval time 69000
[ 2.6  15.55  1.03]
[ 2.16 18.49  1.02]
[69200, 2.2411856651306152, 13.0]
[69400, 2.1532492637634277, 17.0]
eval time 69500
[ 2.56 15.42  1.02]
[ 2.13 18.47  1.  ]
[69600, 2.010310411453247, 21.0]
[69800, 2.251030921936035, 16.0]
[70000, 2.039263963699341, 17.0]
eval time 70000
[ 2.61 14.2   1.01]
[ 2.2  16.5   1.02]
Folder already exists, beware of overriding old data!
[70200, 2.2341268062591553, 13.0]
[70400, 2.2124452590942383, 7.0]
eval time 70500
[ 2.78 14.21  1.02]
[ 2.27 16.45  1.  ]
[70600, 2.157479763031006, 14.0]
[70800, 2.7139968872070312, 13.0]
[71000, 2.145078420639038, 12.0]
eval time 71000
[ 2.39 12.42  1.05]
[ 2.22 13.83  1.03]
[71200, 2.326906442642212, 15.0]
[71400, 2.2345497608184814, 7.0]
eval time 71500
[ 2.48 13.29  1.03]
[ 2.19 15.26  1.02]
[71600, 2.2554407119750977, 12.0]
[71800, 2.2832908630371094, 10.0]
[72000, 2.2565338611602783, 7.0]
eval time 72000
[ 2.32 10.58  1.03]
[ 2.29 10.97  1.17]
[72200, 2.259209394454956, 12.0]
[72400, 2.283327102661133, 4.0]
eval time 72500
[ 2.44 11.79  0.97]
[ 2.33 12.57  0.96]
[72600, 2.3025858402252197, 9.0]
[72800, 2.2565345764160156, 11.0]
[73000, 2.259145736694336, 9.0]
eval time 73000
[ 2.41 11.66  1.03]
[ 2.26 12.64  1.03]
[73200, 2.2342586517333984, 13.0]
[73400, 2.279568910598755, 4.0]
eval time 73500
[ 2.33 11.52  1.02]
[ 2.26 12.22  1.05]
[73600, 2.279559850692749, 10.0]
[73800, 2.186084508895874, 15.0]
[74000, 2.6878583431243896, 9.0]
eval time 74000
[ 2.38 12.11  1.06]
[ 2.24 13.08  1.02]
[74200, 2.141939878463745, 17.0]
[74400, 2.258090019226074, 5.0]
eval time 74500
[ 2.36 12.01  1.01]
[ 2.24 13.25  1.02]
[74600, 2.2129335403442383, 13.0]
[74800, 2.2082555294036865, 13.0]
[75000, 2.2784125804901123, 11.0]
eval time 75000
[ 2.52 13.47  0.96]
[ 2.28 14.78  0.93]
Folder already exists, beware of overriding old data!
[75200, 2.2565338611602783, 12.0]
[75400, 2.1740915775299072, 9.0]
eval time 75500
[ 2.34 11.28  1.03]
[ 2.25 12.18  1.08]
[75600, 2.279559850692749, 10.0]
[75800, 2.2104833126068115, 13.0]
[76000, 2.1740195751190186, 11.0]
eval time 76000
[ 2.37 11.58  1.02]
[ 2.24 12.71  1.03]
[76200, 2.2565414905548096, 12.0]
[76400, 2.261709213256836, 5.0]
eval time 76500
[ 2.38 11.53  1.01]
[ 2.25 12.43  1.03]
[76600, 2.234747886657715, 11.0]
[76800, 2.2265877723693848, 14.0]
[77000, 2.219766616821289, 12.0]
eval time 77000
[ 2.4  13.54  1.01]
[ 2.2  15.14  1.  ]
[77200, 2.210494041442871, 14.0]
[77400, 2.144780397415161, 10.0]
eval time 77500
[ 2.44 12.86  1.01]
[ 2.23 14.05  0.96]
[77600, 2.233513832092285, 12.0]
[77800, 2.1875038146972656, 14.0]
[78000, 2.187281370162964, 11.0]
eval time 78000
[ 2.58 12.36  0.99]
[ 2.24 13.94  0.95]
[78200, 2.233635902404785, 13.0]
[78400, 2.234685182571411, 6.0]
eval time 78500
[ 2.39 11.5   1.04]
[ 2.25 12.47  0.98]
[78600, 2.2803540229797363, 10.0]
[78800, 2.210482358932495, 13.0]
[79000, 2.210482120513916, 9.0]
eval time 79000
[ 2.38 11.44  1.02]
[ 2.25 12.33  1.02]
[79200, 2.2341814041137695, 13.0]
[79400, 2.188683032989502, 8.0]
eval time 79500
[ 2.38 11.53  0.97]
[ 2.25 12.66  1.02]
[79600, 2.1700992584228516, 16.0]
[79800, 2.210482358932495, 13.0]
[80000, 2.2335081100463867, 8.0]
eval time 80000
[ 2.37 11.    1.  ]
[ 2.26 11.75  1.01]
Folder already exists, beware of overriding old data!
[80200, 2.2566475868225098, 12.0]
[80400, 2.241952896118164, 7.0]
eval time 80500
[ 2.48 12.51  0.97]
[ 2.23 14.16  0.95]
[80600, 2.169926643371582, 14.0]
[80800, 2.1646268367767334, 15.0]
[81000, 2.2013838291168213, 9.0]
eval time 81000
[ 2.45 12.89  0.99]
[ 2.21 14.69  1.  ]
[81200, 2.2660202980041504, 12.0]
[81400, 2.1679482460021973, 9.0]
eval time 81500
[ 2.41 12.29  1.01]
[ 2.24 13.44  0.99]
[81600, 2.2186734676361084, 13.0]
[81800, 2.211726427078247, 14.0]
[82000, 2.210482120513916, 9.0]
eval time 82000
[ 2.5  12.14  1.  ]
[ 2.24 13.28  1.01]
[82200, 2.258138656616211, 12.0]
[82400, 2.2456371784210205, 5.0]
eval time 82500
[ 2.46 12.64  0.99]
[ 2.24 13.73  1.  ]
[82600, 2.2108945846557617, 13.0]
[82800, 2.1414246559143066, 16.0]
[83000, 2.2110908031463623, 9.0]
eval time 83000
[ 2.33 12.1   1.02]
[ 2.23 13.26  1.04]
[83200, 2.254382848739624, 12.0]
[83400, 2.210482120513916, 7.0]
eval time 83500
[ 2.41 12.33  0.99]
[ 2.23 13.43  0.96]
[83600, 2.210482597351074, 12.0]
[83800, 2.210482120513916, 13.0]
[84000, 2.1802546977996826, 11.0]
eval time 84000
[ 2.38 12.12  0.99]
[ 2.23 13.24  0.98]
[84200, 2.256742000579834, 12.0]
[84400, 2.2133774757385254, 7.0]
eval time 84500
[ 2.43 11.93  0.99]
[ 2.24 13.04  1.03]
[84600, 2.233826160430908, 11.0]
[84800, 2.2110419273376465, 13.0]
[85000, 2.3914573192596436, 6.0]
eval time 85000
[ 2.38 10.88  0.97]
[ 2.26 11.59  1.02]
Folder already exists, beware of overriding old data!
[85200, 2.2644739151000977, 12.0]
[85400, 2.256735324859619, 5.0]
eval time 85500
[ 2.45 10.92  0.95]
[ 2.27 11.47  1.06]
[85600, 2.284029483795166, 10.0]
[85800, 2.3025858402252197, 9.0]
[86000, 2.2565338611602783, 8.0]
eval time 86000
[ 2.41 11.02  0.96]
[ 2.27 11.52  1.03]
[86200, 2.7961013317108154, 12.0]
[86400, 2.256535530090332, 5.0]
eval time 86500
[ 2.31 10.61  0.8 ]
[ 2.28 11.    1.02]
[86600, 2.3025858402252197, 9.0]
[86800, 2.279561758041382, 10.0]
[87000, 2.279559850692749, 7.0]
eval time 87000
[ 2.32 10.59  0.85]
[ 2.28 11.07  1.03]
[87200, 2.233508825302124, 13.0]
[87400, 2.3025858402252197, 3.0]
eval time 87500
[ 2.41 10.37  0.82]
[ 2.28 10.8   0.99]
[87600, 2.279559850692749, 10.0]
[87800, 2.3025858402252197, 9.0]
[88000, 2.279559850692749, 7.0]
eval time 88000
[ 2.39 10.38  0.88]
[ 2.28 10.97  1.02]
[88200, 2.279559850692749, 11.0]
[88400, 2.279559850692749, 4.0]
eval time 88500
[ 2.42 10.76  0.91]
[ 2.28 11.35  1.01]
[88600, 2.279559850692749, 10.0]
[88800, 2.279559850692749, 10.0]
[89000, 2.279559850692749, 7.0]
eval time 89000
[ 2.4  10.85  0.9 ]
[ 2.27 11.41  1.04]
[89200, 2.2565338611602783, 12.0]
[89400, 2.257530450820923, 5.0]
eval time 89500
[ 2.34 10.99  0.88]
[ 2.27 11.57  1.03]
[89600, 2.250807523727417, 12.0]
[89800, 2.2565338611602783, 11.0]
[90000, 2.279559850692749, 7.0]
eval time 90000
[ 2.33 10.97  0.93]
[ 2.27 11.65  1.01]
Folder already exists, beware of overriding old data!
[90200, 2.2565345764160156, 12.0]
[90400, 2.281132459640503, 4.0]
eval time 90500
[ 2.36 11.46  0.98]
[ 2.26 12.33  1.04]
[90600, 2.279559850692749, 10.0]
[90800, 2.2335081100463867, 12.0]
[91000, 2.2730460166931152, 7.0]
eval time 91000
[ 2.34 11.41  0.94]
[ 2.26 12.07  1.04]
[91200, 2.2565338611602783, 12.0]
[91400, 2.2341365814208984, 6.0]
eval time 91500
[ 2.34 11.21  0.94]
[ 2.26 11.99  1.  ]
[91600, 2.2565348148345947, 11.0]
[91800, 2.210482120513916, 13.0]
[92000, 2.243086338043213, 9.0]
eval time 92000
[ 2.39 11.42  1.  ]
[ 2.26 12.39  1.07]
[92200, 2.2565338611602783, 12.0]
[92400, 2.2565338611602783, 5.0]
eval time 92500
[ 2.47 11.53  1.04]
[ 2.26 12.3   1.09]
[92600, 2.2565348148345947, 11.0]
[92800, 2.210482120513916, 13.0]
[93000, 2.233652114868164, 9.0]
eval time 93000
[ 2.35 11.26  1.  ]
[ 2.26 11.86  1.05]
[93200, 2.5497212409973145, 11.0]
[93400, 2.236365795135498, 6.0]
eval time 93500
[ 2.32 11.17  0.99]
[ 2.27 11.72  1.09]
[93600, 2.3025858402252197, 9.0]
[93800, 2.2335081100463867, 12.0]
[94000, 2.210482120513916, 10.0]
eval time 94000
[ 2.4  11.42  0.99]
[ 2.26 12.18  1.13]
[94200, 2.2565338611602783, 12.0]
[94400, 2.2566659450531006, 5.0]
eval time 94500
[ 2.33 11.19  0.97]
[ 2.27 11.67  1.03]
[94600, 2.2565340995788574, 11.0]
[94800, 2.2335081100463867, 12.0]
[95000, 2.2565479278564453, 8.0]
eval time 95000
[ 2.35 11.28  1.03]
[ 2.26 11.92  1.05]
Folder already exists, beware of overriding old data!
[95200, 2.2571754455566406, 12.0]
[95400, 2.288510799407959, 4.0]
eval time 95500
[ 2.36 11.18  1.01]
[ 2.27 12.    1.03]
[95600, 2.2409512996673584, 12.0]
[95800, 2.2335081100463867, 12.0]
[96000, 2.298586130142212, 9.0]
eval time 96000
[ 2.45 11.66  1.  ]
[ 2.24 12.57  1.06]
[96200, 2.249429702758789, 13.0]
[96400, 2.19712233543396, 8.0]
eval time 96500
[ 2.47 11.64  0.98]
[ 2.25 12.58  1.  ]
[96600, 2.2780706882476807, 12.0]
[96800, 2.187502145767212, 14.0]
[97000, 3.0138890743255615, 10.0]
eval time 97000
[ 2.75 11.67  0.99]
[ 2.27 12.84  1.04]
[97200, 2.2565338611602783, 12.0]
[97400, 2.234304904937744, 6.0]
eval time 97500
[ 2.44 11.41  1.01]
[ 2.25 12.39  1.01]
[97600, 2.1874678134918213, 14.0]
[97800, 2.210519313812256, 13.0]
[98000, 2.2343573570251465, 9.0]
eval time 98000
[ 2.42 11.34  0.98]
[ 2.25 12.42  1.02]
[98200, 2.6517465114593506, 12.0]
[98400, 2.253563642501831, 6.0]
eval time 98500
[ 2.5  12.24  1.04]
[ 2.24 13.46  1.04]
[98600, 2.1791553497314453, 15.0]
[98800, 2.2350375652313232, 12.0]
[99000, 2.210981845855713, 10.0]
eval time 99000
[ 2.41 12.12  1.01]
[ 2.23 13.4   1.02]
[99200, 2.2565343379974365, 12.0]
[99400, 2.2356011867523193, 6.0]
eval time 99500
[ 2.46 11.94  1.03]
[ 2.23 13.22  1.  ]
[99600, 2.1644954681396484, 15.0]
[99800, 2.2335081100463867, 12.0]
[100000, 2.141404151916504, 13.0]
eval time 100000
[ 2.68 12.5   1.01]
[ 2.27 13.79  1.02]