Extracting ./data/MNIST/raw/t10k-labels-idx1-ubyte.gz to ./data/MNIST/raw

FullyConnected(
  (fc): Sequential(
    (0): Linear(in_features=784, out_features=100, bias=False)
    (1): ReLU(inplace=True)
    (2): Linear(in_features=100, out_features=100, bias=False)
    (3): ReLU()
    (4): Linear(in_features=100, out_features=10, bias=False)
  )
)
[ 2.3  11.66  1.39]
[ 2.3  11.49  1.42]
[0, 2.3132283687591553, 11.0]
eval time 0
[ 2.28 12.21  1.39]
[ 2.29 11.99  1.42]
Folder already exists, beware of overriding old data!
eval time 50
[ 0.45 86.11  1.32]
[ 0.45 85.69  1.36]
eval time 100
[ 0.37 87.89  1.3 ]
[ 0.38 88.    1.35]
eval time 150
[ 0.31 90.51  1.29]
[ 0.31 90.44  1.33]
[200, 0.2968854606151581, 90.0]
eval time 200
[ 0.23 92.93  1.3 ]
[ 0.22 93.31  1.33]
eval time 250
[ 0.24 92.1   1.28]
[ 0.24 92.56  1.32]
eval time 300
[ 0.22 92.8   1.3 ]
[ 0.21 93.42  1.33]
eval time 350
[ 0.21 93.76  1.3 ]
[ 0.19 94.03  1.34]
[400, 0.10866299271583557, 96.0]
eval time 400
[ 0.19 94.37  1.3 ]
[ 0.17 94.78  1.33]
eval time 450
[ 0.19 94.3   1.3 ]
[ 0.17 94.83  1.33]
eval time 500
[ 0.15 95.42  1.3 ]
[ 0.14 95.73  1.33]
eval time 550
[ 0.16 95.08  1.3 ]
[ 0.15 95.29  1.33]
[600, 0.10697785019874573, 97.0]
eval time 600
[ 0.19 94.51  1.3 ]
[ 0.15 95.33  1.33]
eval time 650
[ 0.12 96.07  1.3 ]
[ 0.1  96.8   1.32]
eval time 700
[ 0.15 95.48  1.31]
[ 0.12 96.28  1.33]
eval time 750
[ 0.13 96.35  1.29]
[ 0.11 96.58  1.31]
[800, 0.21492597460746765, 94.0]
eval time 800
[ 0.13 96.12  1.31]
[ 0.11 96.55  1.33]
eval time 850
[ 0.12 96.16  1.29]
[ 0.1  96.98  1.32]
eval time 900
[ 0.13 96.07  1.33]
[ 0.11 96.6   1.33]
eval time 950
[ 0.11 96.56  1.29]
[9.000e-02 9.715e+01 1.320e+00]
[1000, 0.05905480310320854, 98.0]
eval time 1000
[ 0.13 96.27  1.32]
[ 0.1  96.88  1.33]
eval time 1050
[ 0.13 96.41  1.32]
[ 0.1  97.06  1.33]
eval time 1100
[ 0.12 96.45  1.3 ]
[9.000e-02 9.726e+01 1.320e+00]
eval time 1150
[ 0.13 96.09  1.32]
[ 0.1  96.99  1.33]
[1200, 0.07230769097805023, 97.0]
eval time 1200
[ 0.16 95.41  1.34]
[ 0.12 96.23  1.34]
eval time 1250
[ 0.11 96.48  1.3 ]
[8.000e-02 9.743e+01 1.330e+00]
eval time 1300
[ 0.12 96.32  1.31]
[8.000e-02 9.736e+01 1.320e+00]
eval time 1350
[ 0.11 96.84  1.29]
[8.000e-02 9.762e+01 1.310e+00]
[1400, 0.2163848876953125, 91.0]
eval time 1400
[ 0.12 96.3   1.31]
[9.000e-02 9.731e+01 1.340e+00]
eval time 1450
[ 0.12 96.39  1.31]
[9.000e-02 9.725e+01 1.330e+00]
eval time 1500
[ 0.13 95.9   1.31]
[ 0.1  96.83  1.33]
eval time 1550
[ 0.12 96.6   1.31]
[8.000e-02 9.756e+01 1.330e+00]
[1600, 0.06554915755987167, 98.0]
eval time 1600
[ 0.13 96.16  1.31]
[9.000e-02 9.718e+01 1.330e+00]
eval time 1650
[ 0.11 96.82  1.31]
[7.000e-02 9.781e+01 1.320e+00]
eval time 1700
[ 0.1  97.08  1.29]
[6.000e-02 9.798e+01 1.300e+00]
eval time 1750
[ 0.11 96.92  1.3 ]
[7.00e-02 9.78e+01 1.32e+00]
[1800, 0.11216390877962112, 96.0]
eval time 1800
[ 0.17 95.75  1.3 ]
[ 0.11 96.7   1.31]
eval time 1850
[ 0.11 96.72  1.28]
[7.000e-02 9.782e+01 1.310e+00]
eval time 1900
[ 0.13 96.15  1.29]
[8.000e-02 9.738e+01 1.320e+00]
eval time 1950
[ 0.11 96.81  1.29]
[7.000e-02 9.784e+01 1.300e+00]
[2000, 0.13415464758872986, 94.0]
eval time 2000
[ 0.1  97.23  1.28]
[6.000e-02 9.812e+01 1.310e+00]
eval time 2050
[ 0.11 96.92  1.29]
[6.000e-02 9.806e+01 1.310e+00]
eval time 2100
[ 0.11 96.58  1.3 ]
[7.000e-02 9.778e+01 1.300e+00]
eval time 2150
[ 0.12 96.61  1.31]
[7.00e-02 9.78e+01 1.33e+00]
[2200, 0.05080860108137131, 98.0]
eval time 2200
[ 0.11 97.03  1.3 ]
[6.000e-02 9.804e+01 1.310e+00]
eval time 2250
[ 0.1  97.25  1.3 ]
[6.000e-02 9.826e+01 1.310e+00]
eval time 2300
[ 0.1  97.19  1.3 ]
[5.000e-02 9.838e+01 1.310e+00]
eval time 2350
[ 0.1  97.18  1.3 ]
[5.000e-02 9.832e+01 1.320e+00]
[2400, 0.04159576818346977, 99.0]
eval time 2400
[ 0.16 95.9   1.29]
[9.000e-02 9.728e+01 1.320e+00]
eval time 2450
[ 0.11 97.18  1.29]
[5.000e-02 9.829e+01 1.300e+00]
eval time 2500
[ 0.1  97.06  1.28]
[5.000e-02 9.832e+01 1.310e+00]
eval time 2550
[9.000e-02 9.759e+01 1.300e+00]
[5.000e-02 9.857e+01 1.300e+00]
[2600, 0.0982237160205841, 95.0]
eval time 2600
[ 0.1  96.85  1.29]
[5.00e-02 9.83e+01 1.32e+00]
eval time 2650
[ 0.12 96.66  1.31]
[6.000e-02 9.808e+01 1.330e+00]
eval time 2700
[ 0.11 96.77  1.3 ]
[6.000e-02 9.788e+01 1.340e+00]
eval time 2750
[ 0.14 96.4   1.3 ]
[7.00e-02 9.78e+01 1.33e+00]
[2800, 0.0391487181186676, 99.0]
eval time 2800
[ 0.12 96.75  1.33]
[7.00e-02 9.78e+01 1.33e+00]
eval time 2850
[ 0.1  97.36  1.3 ]
[5.000e-02 9.857e+01 1.320e+00]
eval time 2900
[9.000e-02 9.758e+01 1.270e+00]
[4.000e-02 9.885e+01 1.280e+00]
eval time 2950
[ 0.1  97.15  1.3 ]
[5.000e-02 9.841e+01 1.320e+00]
[3000, 0.08718447387218475, 97.0]
eval time 3000
[ 0.17 96.08  1.31]
[ 0.1  97.29  1.32]
[3200, 0.021694470196962357, 98.0]
[3400, 0.02798732928931713, 99.0]
eval time 3500
[ 0.1  97.24  1.27]
[4.000e-02 9.865e+01 1.280e+00]
[3600, 0.15240132808685303, 97.0]
[3800, 0.09921292960643768, 98.0]
[4000, 0.05471025034785271, 99.0]
eval time 4000
[ 0.15 95.89  1.33]
[8.000e-02 9.756e+01 1.330e+00]
[4200, 0.032511573284864426, 99.0]
[4400, 0.02051100879907608, 99.0]
eval time 4500
[ 0.11 97.28  1.31]
[4.000e-02 9.878e+01 1.300e+00]
[4600, 0.007182270288467407, 100.0]
[4800, 0.028807293623685837, 99.0]
[5000, 0.09848105162382126, 95.0]
eval time 5000
[ 0.12 97.41  1.27]
[3.000e-02 9.898e+01 1.290e+00]
[5200, 0.00728068221360445, 100.0]
[5400, 0.049895528703927994, 98.0]
eval time 5500
[ 0.13 97.28  1.29]
[4.000e-02 9.884e+01 1.320e+00]
[5600, 0.011357252486050129, 100.0]
[5800, 0.01777336560189724, 99.0]
[6000, 0.020216181874275208, 99.0]
eval time 6000
[ 0.11 97.64  1.25]
[2.000e-02 9.932e+01 1.290e+00]
[6200, 0.046687398105859756, 97.0]
[6400, 0.002137136412784457, 100.0]
eval time 6500
[ 0.12 97.56  1.28]
[2.000e-02 9.939e+01 1.290e+00]
[6600, 0.01875397376716137, 99.0]
[6800, 0.05988485366106033, 97.0]
[7000, 0.00909081008285284, 100.0]
eval time 7000
[ 0.13 97.18  1.26]
[3.000e-02 9.891e+01 1.290e+00]
[7200, 0.015144741162657738, 99.0]
[7400, 0.07307857275009155, 97.0]
eval time 7500
[ 0.15 97.18  1.26]
[3.000e-02 9.916e+01 1.280e+00]
[7600, 0.0033675518352538347, 100.0]
[7800, 0.010244432836771011, 100.0]
[8000, 0.11683082580566406, 97.0]
eval time 8000
[ 0.14 97.23  1.27]
[3.000e-02 9.914e+01 1.270e+00]
[8200, 0.010538225993514061, 99.0]
[8400, 0.026844022795557976, 99.0]
eval time 8500
[ 0.15 97.54  1.26]
[3.000e-02 9.924e+01 1.290e+00]
[8600, 0.0009908198844641447, 100.0]
[8800, 0.005466444417834282, 100.0]
[9000, 0.02203027904033661, 99.0]
eval time 9000
[ 0.17 97.24  1.29]
[4.000e-02 9.898e+01 1.310e+00]
[9200, 0.04516652971506119, 99.0]
[9400, 0.09955376386642456, 99.0]
eval time 9500
[ 0.16 97.4   1.25]
[2.000e-02 9.942e+01 1.250e+00]
[9600, 0.004643214866518974, 100.0]
[9800, 0.026862354949116707, 99.0]
[10000, 0.01533506065607071, 99.0]
eval time 10000
[ 0.14 97.39  1.25]
[3.000e-02 9.922e+01 1.320e+00]
[10200, 0.010243075899779797, 99.0]
[10400, 0.00992617104202509, 99.0]
eval time 10500
[ 0.18 97.37  1.26]
[4.000e-02 9.909e+01 1.290e+00]
[10600, 0.0064551024697721004, 100.0]
[10800, 0.009935733862221241, 99.0]
[11000, 0.025503991171717644, 99.0]
eval time 11000
[ 0.16 97.46  1.25]
[2.000e-02 9.932e+01 1.280e+00]
[11200, 0.006185341626405716, 100.0]
[11400, 0.03811771795153618, 98.0]
eval time 11500
[ 0.18 97.22  1.25]
[4.000e-02 9.914e+01 1.290e+00]
[11600, 0.004836043808609247, 100.0]
[11800, 0.00028550330898724496, 100.0]
[12000, 0.026559336110949516, 99.0]
eval time 12000
[ 0.18 97.24  1.28]
[3.000e-02 9.912e+01 1.300e+00]
[12200, 0.028962111100554466, 98.0]
[12400, 0.008358391933143139, 100.0]
eval time 12500
[ 0.23 97.06  1.25]
[5.000e-02 9.902e+01 1.250e+00]
[12600, 0.004696166608482599, 100.0]
[12800, 0.017248712480068207, 99.0]
[13000, 0.00532508036121726, 100.0]
eval time 13000
[ 0.17 97.51  1.27]
[2.000e-02 9.948e+01 1.300e+00]
[13200, 0.03518415987491608, 99.0]
[13400, 0.05346221104264259, 99.0]
eval time 13500
[ 0.18 97.23  1.28]
[3.000e-02 9.929e+01 1.270e+00]
[13600, 0.007145778741687536, 100.0]
[13800, 0.0026462150271981955, 100.0]
[14000, 0.005071632098406553, 100.0]
eval time 14000
[ 0.17 97.87  1.23]
[1.000e-02 9.963e+01 1.260e+00]
[14200, 0.012666548602283001, 99.0]
[14400, 0.015853481367230415, 99.0]
eval time 14500
[ 0.17 97.29  1.25]
[2.000e-02 9.941e+01 1.300e+00]
[14600, 0.0011786047834903002, 100.0]
[14800, 0.02691427432000637, 99.0]
[15000, 0.12122984230518341, 98.0]
eval time 15000
[ 0.2  97.34  1.26]
[3.000e-02 9.936e+01 1.230e+00]
[15200, 0.022126680240035057, 99.0]
[15400, 0.010761098004877567, 99.0]
eval time 15500
[ 0.21 97.25  1.25]
[2.000e-02 9.952e+01 1.240e+00]
[15600, 0.0010019988985732198, 100.0]
[15800, 0.030152814462780952, 99.0]
[16000, 0.0002744025841820985, 100.0]
eval time 16000
[ 0.18 97.76  1.25]
[1.000e-02 9.958e+01 1.320e+00]
[16200, 0.001956532010808587, 100.0]
[16400, 0.04170725867152214, 99.0]
eval time 16500
[ 0.22 97.3   1.25]
[3.000e-02 9.939e+01 1.280e+00]
[16600, 0.0009110128157772124, 100.0]
[16800, 0.029299383983016014, 99.0]
[17000, 0.007616417482495308, 99.0]
eval time 17000
[ 0.2  97.53  1.25]
[2.000e-02 9.954e+01 1.270e+00]
[17200, 0.0022739232517778873, 100.0]
[17400, 0.028253572061657906, 99.0]
eval time 17500
[ 0.22 97.31  1.25]
[2.000e-02 9.954e+01 1.310e+00]
[17600, 0.06759246438741684, 98.0]
[17800, 0.004896893631666899, 100.0]
[18000, 0.01035547535866499, 99.0]
eval time 18000
[ 0.19 97.82  1.22]
[1.000e-02 9.976e+01 1.310e+00]
[18200, 0.0031650227028876543, 100.0]
[18400, 7.45334691600874e-05, 100.0]
eval time 18500
[ 0.24 97.24  1.26]
[2.00e-02 9.95e+01 1.31e+00]
[18600, 0.0006290433811955154, 100.0]
[18800, 0.002050314098596573, 100.0]
[19000, 4.0634196921018884e-05, 100.0]
eval time 19000
[ 0.2  97.84  1.22]
[1.000e-02 9.965e+01 1.330e+00]
[19200, 0.02307712845504284, 99.0]
[19400, 0.13005779683589935, 98.0]
eval time 19500
[ 0.22 97.28  1.24]
[2.000e-02 9.942e+01 1.310e+00]
[19600, 0.0009456045809201896, 100.0]
[19800, 0.015349946916103363, 99.0]
[20000, 0.0032621060963720083, 100.0]
eval time 20000
[ 0.23 97.51  1.23]
[2.00e-02 9.95e+01 1.28e+00]
[20200, 0.018310099840164185, 99.0]
[20400, 0.004050389863550663, 100.0]
eval time 20500
[ 0.23 97.4   1.23]
[1.000e-02 9.963e+01 1.250e+00]
[20600, 0.02267283760011196, 99.0]
[20800, 0.00013124906399752945, 100.0]
[21000, 0.00035477164783515036, 100.0]
eval time 21000
[ 0.25 97.18  1.26]
[2.000e-02 9.943e+01 1.320e+00]
[21200, 0.005971706006675959, 100.0]
[21400, 0.0007618175586685538, 100.0]
eval time 21500
[ 0.22 97.56  1.22]
[1.000e-02 9.965e+01 1.310e+00]
[21600, 0.010964594781398773, 99.0]
[21800, 0.01269628293812275, 99.0]
[22000, 0.066385418176651, 99.0]
eval time 22000
[ 0.25 97.42  1.23]
[3.000e-02 9.927e+01 1.270e+00]
[22200, 0.018069971352815628, 99.0]
[22400, 0.07927418500185013, 99.0]
eval time 22500
[ 0.23 97.5   1.25]
[2.000e-02 9.942e+01 1.250e+00]
[22600, 0.011627484112977982, 100.0]
[22800, 0.00011245156929362565, 100.0]
[23000, 0.03094114363193512, 99.0]
eval time 23000
[ 0.25 97.38  1.26]
[4.000e-02 9.928e+01 1.290e+00]
[23200, 0.001138027640990913, 100.0]
[23400, 0.000547410047147423, 100.0]
eval time 23500
[ 0.26 97.3   1.24]
[2.000e-02 9.951e+01 1.290e+00]
[23600, 0.00144366011954844, 100.0]
[23800, 0.00017851845768745989, 100.0]
[24000, 0.005542501341551542, 100.0]
eval time 24000
[ 0.21 97.74  1.25]
[2.000e-02 9.959e+01 1.280e+00]
[24200, 0.5789246559143066, 93.0]
[24400, 0.02468043752014637, 99.0]
eval time 24500
[ 0.25 97.1   1.26]
[4.00e-02 9.92e+01 1.27e+00]
[24600, 0.0008906520088203251, 100.0]
[24800, 0.016573118045926094, 99.0]
[25000, 0.001394710736349225, 100.0]
eval time 25000
[ 0.2  97.75  1.23]
[2.000e-02 9.964e+01 1.270e+00]
[25200, 0.017476921901106834, 99.0]
[25400, 0.06548041105270386, 99.0]
eval time 25500
[ 0.24 97.48  1.23]
[3.000e-02 9.934e+01 1.280e+00]
[25600, 0.0001323580218013376, 100.0]
[25800, 0.026481114327907562, 99.0]
[26000, 0.0004855043371208012, 100.0]
eval time 26000
[ 0.24 97.75  1.24]
[1.000e-02 9.978e+01 1.280e+00]
[26200, 0.00017427673446945846, 100.0]
[26400, 0.007141311652958393, 100.0]
eval time 26500
[ 0.3  97.42  1.25]
[3.000e-02 9.948e+01 1.270e+00]
[26600, 0.0012179164914414287, 100.0]
[26800, 1.7290827599936165e-05, 100.0]
[27000, 0.05062169209122658, 99.0]
eval time 27000
[ 0.25 97.49  1.23]
[3.000e-02 9.948e+01 1.260e+00]
[27200, 0.0002450952597428113, 100.0]
[27400, 0.05325337499380112, 99.0]
eval time 27500
[ 0.23 97.63  1.22]
[2.000e-02 9.958e+01 1.280e+00]
[27600, 0.0004498903581406921, 100.0]
[27800, 0.012584052979946136, 99.0]
[28000, 0.06849363446235657, 98.0]
eval time 28000
[ 0.26 97.59  1.24]
[2.000e-02 9.957e+01 1.310e+00]
[28200, 0.1193603053689003, 99.0]
[28400, 0.07693710178136826, 99.0]
eval time 28500
[ 0.28 97.56  1.23]
[2.000e-02 9.955e+01 1.280e+00]
[28600, 0.0, 100.0]
[28800, 0.02637707069516182, 99.0]
[29000, 0.01085443515330553, 100.0]
eval time 29000
[ 0.36 97.09  1.26]
[6.000e-02 9.904e+01 1.270e+00]
[29200, 0.0005174422985874116, 100.0]
[29400, 0.037483613938093185, 99.0]
eval time 29500
[ 0.26 97.67  1.24]
[2.000e-02 9.953e+01 1.310e+00]
[29600, 0.006840084213763475, 100.0]
[29800, 2.9682726676583115e-07, 100.0]
[30000, 3.668789577204734e-05, 100.0]
eval time 30000
[ 0.25 97.79  1.22]
[2.00e-02 9.96e+01 1.27e+00]
[30200, 0.032296255230903625, 99.0]
[30400, 2.521123860788066e-06, 100.0]
eval time 30500
[ 0.32 97.49  1.27]
[3.000e-02 9.939e+01 1.270e+00]
[30600, 0.10059301555156708, 98.0]
[30800, 0.33401423692703247, 95.0]
[31000, 0.03975247964262962, 99.0]
eval time 31000
[ 0.28 97.02  1.24]
[4.000e-02 9.914e+01 1.250e+00]
[31200, 0.09118390828371048, 99.0]
[31400, 0.007092643994837999, 100.0]
eval time 31500
[ 0.31 97.38  1.24]
[4.00e-02 9.93e+01 1.27e+00]
[31600, 0.0522763766348362, 99.0]
[31800, 0.0003101881011389196, 100.0]
[32000, 0.12821358442306519, 98.0]
eval time 32000
[ 0.33 97.38  1.23]
[4.000e-02 9.928e+01 1.270e+00]
[32200, 0.00038051861338317394, 100.0]
[32400, 0.004434375092387199, 100.0]
eval time 32500
[ 0.32 97.29  1.23]
[4.000e-02 9.923e+01 1.260e+00]
[32600, 0.047110289335250854, 99.0]
[32800, 0.0034204735420644283, 100.0]
[33000, 0.10904935002326965, 99.0]
eval time 33000
[ 0.39 97.35  1.24]
[5.000e-02 9.926e+01 1.270e+00]
[33200, 0.10843812674283981, 97.0]
[33400, 0.06791655719280243, 98.0]
eval time 33500
[ 0.31 97.37  1.21]
[3.000e-02 9.938e+01 1.260e+00]
[33600, 0.03385573998093605, 99.0]
[33800, 0.0935676097869873, 98.0]
[34000, 0.11340060830116272, 98.0]
eval time 34000
[ 0.26 97.65  1.22]
[3.000e-02 9.943e+01 1.250e+00]
[34200, 0.0021576909348368645, 100.0]
[34400, 0.004567847121506929, 100.0]
eval time 34500
[ 0.33 97.35  1.2 ]
[4.000e-02 9.935e+01 1.240e+00]
[34600, 7.915312744444236e-05, 100.0]
[34800, 0.053890299052000046, 99.0]
[35000, 0.13970288634300232, 99.0]
eval time 35000
[ 0.32 97.55  1.22]
[3.000e-02 9.949e+01 1.290e+00]
Folder already exists, beware of overriding old data!
[35200, 0.004059591796249151, 100.0]
[35400, 0.036887913942337036, 99.0]
eval time 35500
[ 0.41 97.37  1.25]
[3.00e-02 9.95e+01 1.30e+00]
[35600, 0.0019249783363193274, 100.0]
[35800, 0.01942417211830616, 99.0]
[36000, 0.0730895921587944, 99.0]
eval time 36000
[ 0.38 97.24  1.23]
[4.000e-02 9.937e+01 1.290e+00]
[36200, 0.22159720957279205, 97.0]
[36400, 0.0010637067025527358, 100.0]
eval time 36500
[ 0.31 97.55  1.19]
[2.000e-02 9.953e+01 1.290e+00]
[36600, 0.0374189056456089, 99.0]
[36800, 0.001520919962786138, 100.0]
[37000, 7.1029294304025825e-06, 100.0]
eval time 37000
[ 0.33 97.6   1.24]
[3.000e-02 9.957e+01 1.210e+00]
[37200, 0.07818890362977982, 99.0]
[37400, 0.016832269728183746, 99.0]
eval time 37500
[ 0.38 97.39  1.27]
[2.00e-02 9.96e+01 1.25e+00]
[37600, 8.475518029626983e-07, 100.0]
[37800, 0.0015549117233604193, 100.0]
[38000, 0.035883668810129166, 99.0]
eval time 38000
[ 0.34 97.51  1.24]
[2.000e-02 9.963e+01 1.310e+00]
[38200, 0.09976179897785187, 99.0]
[38400, 0.015896404162049294, 99.0]
eval time 38500
[ 0.44 97.19  1.24]
[4.000e-02 9.932e+01 1.260e+00]
[38600, 0.0004509382415562868, 100.0]
[38800, 6.687464519927744e-07, 100.0]
[39000, 0.030285075306892395, 99.0]
eval time 39000
[ 0.37 97.19  1.24]
[4.000e-02 9.934e+01 1.280e+00]
[39200, 0.035060420632362366, 99.0]
[39400, 0.1745247095823288, 99.0]
eval time 39500
[ 0.39 97.48  1.21]
[3.000e-02 9.949e+01 1.240e+00]
[39600, 0.023026086390018463, 99.0]
[39800, 0.021964754909276962, 99.0]
[40000, 0.1476389467716217, 99.0]
eval time 40000
[ 0.43 97.2   1.23]
[5.000e-02 9.924e+01 1.290e+00]
Folder already exists, beware of overriding old data!
[40200, 0.023028278723359108, 99.0]
[40400, 0.09655796736478806, 99.0]
eval time 40500
[ 0.37 97.66  1.2 ]
[2.00e-02 9.96e+01 1.29e+00]
[40600, 0.00019206847355235368, 100.0]
[40800, 0.010115687735378742, 99.0]
[41000, 0.010969124734401703, 99.0]
eval time 41000
[ 0.38 97.62  1.22]
[2.000e-02 9.964e+01 1.210e+00]
[41200, 0.0006779409013688564, 100.0]
[41400, 0.09129855781793594, 98.0]
eval time 41500
[ 0.35 97.54  1.21]
[2.000e-02 9.958e+01 1.230e+00]
[41600, 5.572465306613594e-05, 100.0]
[41800, 0.1177019402384758, 98.0]
[42000, 7.138327055145055e-05, 100.0]
eval time 42000
[ 0.47 97.12  1.2 ]
[6.000e-02 9.926e+01 1.290e+00]
[42200, 0.12265410274267197, 98.0]
[42400, 1.456633185625833e-06, 100.0]
eval time 42500
[ 0.49 96.93  1.24]
[8.000e-02 9.908e+01 1.320e+00]
[42600, 0.0035058779176324606, 100.0]
[42800, 0.053143586963415146, 99.0]
[43000, 0.017429668456315994, 99.0]
eval time 43000
[ 0.5  97.19  1.2 ]
[9.000e-02 9.915e+01 1.190e+00]
[43200, 0.13401977717876434, 98.0]
[43400, 0.13580673933029175, 97.0]
eval time 43500
[ 0.49 96.85  1.22]
[8.00e-02 9.89e+01 1.23e+00]
[43600, 2.145755217952683e-07, 100.0]
[43800, 0.042293671518564224, 99.0]
[44000, 0.043368078768253326, 99.0]
eval time 44000
[ 0.45 97.39  1.21]
[5.000e-02 9.931e+01 1.250e+00]
[44200, 4.496829660638468e-06, 100.0]
[44400, 0.02544308453798294, 99.0]
eval time 44500
[ 0.59 97.07  1.24]
[8.00e-02 9.91e+01 1.29e+00]
[44600, 0.02761133201420307, 99.0]
[44800, 0.00016443237836938351, 100.0]
[45000, 0.06193780526518822, 99.0]
eval time 45000
[ 0.5  97.43  1.2 ]
[4.000e-02 9.944e+01 1.240e+00]
Folder already exists, beware of overriding old data!
[45200, 0.00018824396829586476, 100.0]
[45400, 0.00019697680545505136, 100.0]
eval time 45500
[ 0.49 97.02  1.21]
[5.000e-02 9.923e+01 1.230e+00]
[45600, 0.054832905530929565, 99.0]
[45800, 0.07398847490549088, 99.0]
[46000, 9.716712156659923e-06, 100.0]
eval time 46000
[ 0.42 97.53  1.2 ]
[4.000e-02 9.944e+01 1.250e+00]
[46200, 0.21265362203121185, 99.0]
[46400, 0.05102791264653206, 98.0]
eval time 46500
[ 0.52 97.12  1.26]
[4.000e-02 9.943e+01 1.290e+00]
[46600, 0.1486978530883789, 99.0]
[46800, 0.04083578288555145, 99.0]
[47000, 0.34166377782821655, 96.0]
eval time 47000
[ 0.51 97.34  1.19]
[3.000e-02 9.949e+01 1.230e+00]
[47200, 5.129819783178391e-06, 100.0]
[47400, 0.006575978361070156, 100.0]
eval time 47500
[ 0.48 97.4   1.2 ]
[3.000e-02 9.952e+01 1.250e+00]
[47600, 0.013746500015258789, 99.0]
[47800, 1.9212720872019418e-05, 100.0]
[48000, 0.014130388386547565, 100.0]
eval time 48000
[ 0.49 97.51  1.19]
[2.000e-02 9.968e+01 1.270e+00]
[48200, 0.095691978931427, 99.0]
[48400, 0.0, 100.0]
eval time 48500
[ 0.53 97.5   1.23]
[3.00e-02 9.96e+01 1.31e+00]
[48600, 0.0065131341107189655, 100.0]
[48800, 7.612284389324486e-05, 100.0]
[49000, 1.859653764313407e-07, 100.0]
eval time 49000
[ 0.44 97.55  1.19]
[5.000e-02 9.928e+01 1.220e+00]
[49200, 0.09460410475730896, 99.0]
[49400, 0.13582368195056915, 97.0]
eval time 49500
[ 0.5  96.49  1.21]
[ 0.11 98.63  1.25]
[49600, 0.09527266770601273, 98.0]
[49800, 0.008503726683557034, 99.0]
[50000, 0.011918365955352783, 100.0]
eval time 50000
[ 0.5  97.21  1.22]
[4.000e-02 9.942e+01 1.300e+00]
Folder already exists, beware of overriding old data!
[50200, 0.13224783539772034, 99.0]
[50400, 0.012067582458257675, 99.0]
eval time 50500
[ 0.63 97.09  1.23]
[5.000e-02 9.944e+01 1.240e+00]
[50600, 0.2673431634902954, 97.0]
[50800, 0.0022706210147589445, 100.0]
[51000, 2.1960855519864708e-05, 100.0]
eval time 51000
[ 0.46 97.61  1.21]
[2.000e-02 9.962e+01 1.250e+00]
[51200, 0.16966603696346283, 97.0]
[51400, 1.9308750779600814e-05, 100.0]
eval time 51500
[ 0.55 97.65  1.18]
[4.000e-02 9.955e+01 1.260e+00]
[51600, 0.11875534057617188, 99.0]
[51800, 0.00018498286954127252, 100.0]
[52000, 8.702252074499484e-08, 100.0]
eval time 52000
[ 0.47 97.47  1.16]
[4.000e-02 9.936e+01 1.220e+00]
[52200, 0.0018861102871596813, 100.0]
[52400, 0.07066831737756729, 99.0]
eval time 52500
[ 0.4  97.71  1.19]
[2.000e-02 9.966e+01 1.250e+00]
[52600, 0.0, 100.0]
[52800, 0.03815430775284767, 99.0]
[53000, 0.017615871503949165, 99.0]
eval time 53000
[ 0.51 97.69  1.18]
[3.000e-02 9.964e+01 1.240e+00]
[53200, 2.6345063020016823e-07, 100.0]
[53400, 0.02350061573088169, 99.0]
eval time 53500
[ 0.54 97.2   1.2 ]
[5.00e-02 9.94e+01 1.25e+00]
[53600, 0.0005003607366234064, 100.0]
[53800, 1.603402961336542e-05, 100.0]
[54000, 0.012286078184843063, 99.0]
eval time 54000
[ 0.62 96.99  1.2 ]
[ 0.1  99.04  1.18]
[54200, 0.012384614907205105, 99.0]
[54400, 0.004245296586304903, 100.0]
eval time 54500
[ 0.45 97.24  1.18]
[4.00e-02 9.94e+01 1.22e+00]
[54600, 0.03842058777809143, 99.0]
[54800, 0.05071721971035004, 99.0]
[55000, 0.0016101115616038442, 100.0]
eval time 55000
[ 0.55 97.27  1.22]
[4.000e-02 9.946e+01 1.280e+00]
Folder already exists, beware of overriding old data!
[55200, 0.023820290341973305, 99.0]
[55400, 0.006292569451034069, 100.0]
eval time 55500
[ 0.46 97.92  1.18]
[2.000e-02 9.974e+01 1.290e+00]
[55600, 1.19209286886246e-09, 100.0]
[55800, 0.08637294918298721, 98.0]
[56000, 5.676770342688542e-06, 100.0]
eval time 56000
[ 0.56 97.45  1.17]
[3.000e-02 9.958e+01 1.260e+00]
[56200, 9.536697831435959e-08, 100.0]
[56400, 0.00987314898520708, 99.0]
eval time 56500
[ 0.57 97.66  1.19]
[2.000e-02 9.971e+01 1.270e+00]
[56600, 2.38418573772492e-09, 100.0]
[56800, 0.05075550451874733, 99.0]
[57000, 0.016450446099042892, 99.0]
eval time 57000
[ 0.49 97.69  1.16]
[2.00e-02 9.97e+01 1.23e+00]
[57200, 1.0490364132920149e-07, 100.0]
[57400, 4.136497295803565e-07, 100.0]
eval time 57500
[ 0.64 97.23  1.19]
[9.000e-02 9.924e+01 1.240e+00]
[57600, 0.024130048230290413, 99.0]
[57800, 0.01984964869916439, 99.0]
[58000, 0.001049368642270565, 100.0]
eval time 58000
[ 0.56 97.41  1.19]
[3.000e-02 9.972e+01 1.200e+00]
[58200, 0.2663542926311493, 98.0]
[58400, 0.00022363870812114328, 100.0]
eval time 58500
[ 0.65 97.54  1.15]
[3.000e-02 9.959e+01 1.230e+00]
[58600, 2.7022762878914364e-05, 100.0]
[58800, 0.21957235038280487, 98.0]
[59000, 0.005600592587143183, 100.0]
eval time 59000
[ 0.64 97.29  1.16]
[5.000e-02 9.948e+01 1.260e+00]
[59200, 0.05825410410761833, 99.0]
[59400, 0.0629986971616745, 98.0]
eval time 59500
[ 0.74 97.18  1.2 ]
[7.000e-02 9.932e+01 1.190e+00]
[59600, 0.012029541656374931, 99.0]
[59800, 0.015952132642269135, 99.0]
[60000, 0.10730139911174774, 99.0]
eval time 60000
[ 0.63 97.13  1.2 ]
[5.000e-02 9.933e+01 1.250e+00]
Folder already exists, beware of overriding old data!
[60200, 0.1012318804860115, 97.0]
[60400, 7.300369907170534e-05, 100.0]
eval time 60500
[ 0.71 97.37  1.18]
[7.00e-02 9.93e+01 1.22e+00]
[60600, 0.027872981503605843, 99.0]
[60800, 0.023032819852232933, 99.0]
[61000, 1.3494161521521164e-06, 100.0]
eval time 61000
[ 0.65 97.27  1.16]
[5.000e-02 9.936e+01 1.230e+00]
[61200, 0.004883628338575363, 100.0]
[61400, 0.31807753443717957, 96.0]
eval time 61500
[ 0.61 97.17  1.18]
[8.000e-02 9.914e+01 1.240e+00]
[61600, 1.2874539834228926e-07, 100.0]
[61800, 0.06514482200145721, 99.0]
[62000, 0.07481228560209274, 99.0]
eval time 62000
[ 0.56 97.41  1.17]
[5.000e-02 9.935e+01 1.250e+00]
[62200, 0.00020867298007942736, 100.0]
[62400, 0.023677919059991837, 99.0]
eval time 62500
[ 0.53 97.3   1.17]
[4.000e-02 9.938e+01 1.250e+00]
[62600, 0.15599113702774048, 98.0]
[62800, 2.956359992367652e-07, 100.0]
[63000, 0.023232199251651764, 99.0]
eval time 63000
[ 0.56 97.33  1.15]
[4.000e-02 9.944e+01 1.220e+00]
[63200, 0.15246771275997162, 98.0]
[63400, 4.533694664132781e-06, 100.0]
eval time 63500
[ 0.58 97.42  1.17]
[2.000e-02 9.965e+01 1.200e+00]
[63600, 0.1347324103116989, 98.0]
[63800, 0.012087595649063587, 100.0]
[64000, 9.678685273684096e-06, 100.0]
eval time 64000
[ 0.54 97.41  1.17]
[3.000e-02 9.963e+01 1.220e+00]
[64200, 0.024597568437457085, 99.0]
[64400, 0.023029129952192307, 99.0]
eval time 64500
[ 0.6  97.41  1.17]
[3.000e-02 9.961e+01 1.240e+00]
[64600, 0.0, 100.0]
[64800, 0.022500822320580482, 99.0]
[65000, 0.023026978597044945, 99.0]
eval time 65000
[ 0.49 97.81  1.15]
[2.000e-02 9.971e+01 1.270e+00]
Folder already exists, beware of overriding old data!
[65200, 9.179073146015071e-08, 100.0]
[65400, 0.0835300087928772, 99.0]
eval time 65500
[ 0.52 97.37  1.16]
[3.00e-02 9.95e+01 1.21e+00]
[65600, 0.03298798203468323, 99.0]
[65800, 0.00044363440247252584, 100.0]
[66000, 0.02302616648375988, 99.0]
eval time 66000
[ 0.52 97.16  1.15]
[3.000e-02 9.946e+01 1.210e+00]
[66200, 0.02389076165854931, 99.0]
[66400, 0.0, 100.0]
eval time 66500
[ 0.64 97.15  1.19]
[5.000e-02 9.955e+01 1.230e+00]
[66600, 0.023026203736662865, 99.0]
[66800, 0.006906439084559679, 100.0]
[67000, 0.0, 100.0]
eval time 67000
[ 0.63 97.65  1.17]
[3.000e-02 9.965e+01 1.280e+00]
[67200, 0.024974942207336426, 99.0]
[67400, 0.06010875850915909, 99.0]
eval time 67500
[ 0.64 97.18  1.17]
[7.000e-02 9.929e+01 1.250e+00]
[67600, 1.1751479178201407e-05, 100.0]
[67800, 0.023607464507222176, 99.0]
[68000, 0.026331691071391106, 99.0]
eval time 68000
[ 0.61 97.23  1.16]
[4.000e-02 9.937e+01 1.220e+00]
[68200, 4.976771742803976e-05, 100.0]
[68400, 0.34479209780693054, 98.0]
eval time 68500
[ 0.68 97.25  1.16]
[6.00e-02 9.94e+01 1.20e+00]
[68600, 0.03147821128368378, 98.0]
[68800, 3.463635493972106e-06, 100.0]
[69000, 0.02306615561246872, 99.0]
eval time 69000
[ 0.64 97.13  1.16]
[3.000e-02 9.951e+01 1.240e+00]
[69200, 0.002005367772653699, 100.0]
[69400, 7.15255499272871e-09, 100.0]
eval time 69500
[ 0.62 97.28  1.16]
[2.000e-02 9.961e+01 1.210e+00]
[69600, 0.02302585542201996, 99.0]
[69800, 9.324970051238779e-06, 100.0]
[70000, 0.0, 100.0]
eval time 70000
[ 0.66 97.31  1.18]
[2.00e-02 9.97e+01 1.24e+00]
Folder already exists, beware of overriding old data!
[70200, 0.02302585169672966, 99.0]
[70400, 3.2515785278519616e-05, 100.0]
eval time 70500
[ 0.72 97.19  1.18]
[3.000e-02 9.964e+01 1.250e+00]
[70600, 0.0, 100.0]
[70800, 0.04147203266620636, 98.0]
[71000, 0.022173617035150528, 100.0]
eval time 71000
[ 0.55 97.35  1.16]
[3.000e-02 9.959e+01 1.220e+00]
[71200, 0.0, 100.0]
[71400, 0.02302669920027256, 99.0]
eval time 71500
[ 0.59 97.63  1.15]
[2.000e-02 9.978e+01 1.170e+00]
[71600, 9.466485062148422e-05, 100.0]
[71800, 0.0, 100.0]
[72000, 0.01910603605210781, 99.0]
eval time 72000
[ 0.63 97.64  1.13]
[1.000e-02 9.982e+01 1.250e+00]
[72200, 0.01680058054625988, 99.0]
[72400, 0.04359662905335426, 99.0]
eval time 72500
[ 0.66 97.77  1.18]
[1.000e-02 9.983e+01 1.240e+00]
[72600, 0.02131037414073944, 99.0]
[72800, 3.730906610144302e-05, 100.0]
[73000, 3.814690074932514e-08, 100.0]
eval time 73000
[ 0.77 97.42  1.16]
[4.00e-02 9.97e+01 1.19e+00]
[73200, 0.025903984904289246, 99.0]
[73400, 0.10641241073608398, 99.0]
eval time 73500
[ 0.69 97.57  1.15]
[1.000e-02 9.983e+01 1.230e+00]
[73600, 1.770596827554982e-05, 100.0]
[73800, 0.220880389213562, 98.0]
[74000, 0.09204366058111191, 99.0]
eval time 74000
[ 0.93 97.08  1.16]
[8.000e-02 9.944e+01 1.170e+00]
[74200, 0.0025826760102063417, 100.0]
[74400, 0.04231152683496475, 98.0]
eval time 74500
[ 0.67 97.25  1.14]
[6.000e-02 9.936e+01 1.230e+00]
[74600, 0.0230284184217453, 99.0]
[74800, 0.3765823245048523, 99.0]
[75000, 0.02302670292556286, 99.0]
eval time 75000
[ 0.68 97.41  1.14]
[5.000e-02 9.943e+01 1.270e+00]
Folder already exists, beware of overriding old data!
[75200, 0.025878095999360085, 99.0]
[75400, 3.3378547925622115e-08, 100.0]
eval time 75500
[ 0.67 97.41  1.16]
[2.000e-02 9.969e+01 1.210e+00]
[75600, 0.01835389994084835, 99.0]
[75800, 8.287157106678933e-05, 100.0]
[76000, 1.780857814992487e-06, 100.0]
eval time 76000
[ 0.69 97.53  1.16]
[1.00e-02 9.98e+01 1.24e+00]
[76200, 0.05490095168352127, 99.0]
[76400, 0.010803920216858387, 100.0]
eval time 76500
[ 0.69 97.49  1.15]
[3.000e-02 9.963e+01 1.210e+00]
[76600, 3.457063613154787e-08, 100.0]
[76800, 0.16413865983486176, 98.0]
[77000, 0.008377785794436932, 99.0]
eval time 77000
[ 0.75 97.37  1.17]
[3.00e-02 9.96e+01 1.23e+00]
[77200, 0.2215910106897354, 99.0]
[77400, 0.014094848185777664, 99.0]
eval time 77500
[ 0.62 97.54  1.14]
[2.000e-02 9.969e+01 1.200e+00]
[77600, 1.3215571016189642e-05, 100.0]
[77800, 2.3549462639493868e-05, 100.0]
[78000, 0.03328365832567215, 99.0]
eval time 78000
[ 0.83 97.29  1.16]
[5.000e-02 9.951e+01 1.270e+00]
[78200, 0.005710822530090809, 100.0]
[78400, 1.346042517980095e-05, 100.0]
eval time 78500
[ 0.67 97.38  1.14]
[3.000e-02 9.962e+01 1.240e+00]
[78600, 0.023366587236523628, 99.0]
[78800, 0.03404823690652847, 99.0]
[79000, 1.1920922915464871e-08, 100.0]
eval time 79000
[ 0.62 97.57  1.14]
[3.00e-02 9.97e+01 1.16e+00]
[79200, 0.023025907576084137, 99.0]
[79400, 1.0678319931030273, 99.0]
eval time 79500
[ 0.7  97.28  1.14]
[4.000e-02 9.949e+01 1.260e+00]
[79600, 0.023132074624300003, 99.0]
[79800, 0.023025991395115852, 99.0]
[80000, 0.0341055728495121, 99.0]
eval time 80000
[ 0.79 97.12  1.15]
[ 0.13 98.84  1.24]
Folder already exists, beware of overriding old data!
[80200, 0.004524596501141787, 100.0]
[80400, 0.024825995787978172, 99.0]
eval time 80500
[ 0.7  97.05  1.13]
[7.000e-02 9.919e+01 1.190e+00]
[80600, 0.2971257269382477, 98.0]
[80800, 0.1628323495388031, 99.0]
[81000, 0.0230262391269207, 99.0]
eval time 81000
[ 0.61 97.43  1.14]
[4.000e-02 9.942e+01 1.200e+00]
[81200, 0.023566043004393578, 99.0]
[81400, 0.05222205072641373, 99.0]
eval time 81500
[ 0.75 96.31  1.15]
[ 0.13 98.46  1.18]
[81600, 0.02547166496515274, 99.0]
[81800, 0.06711189448833466, 97.0]
[82000, 0.0023473124019801617, 100.0]
eval time 82000
[ 0.66 97.03  1.1 ]
[7.000e-02 9.902e+01 1.180e+00]
[82200, 0.14593030512332916, 98.0]
[82400, 0.06890829652547836, 99.0]
eval time 82500
[ 0.56 97.2   1.09]
[3.000e-02 9.941e+01 1.180e+00]
[82600, 4.482170936626062e-07, 100.0]
[82800, 0.07714417576789856, 98.0]
[83000, 0.01923491433262825, 99.0]
eval time 83000
[ 0.69 97.37  1.13]
[4.000e-02 9.948e+01 1.180e+00]
[83200, 0.0281241312623024, 99.0]
[83400, 0.03162349388003349, 98.0]
eval time 83500
[ 0.56 97.57  1.13]
[1.00e-02 9.97e+01 1.18e+00]
[83600, 0.10964284092187881, 99.0]
[83800, 0.0, 100.0]
[84000, 0.09676441550254822, 98.0]
eval time 84000
[ 0.86 97.31  1.1 ]
[9.000e-02 9.933e+01 1.200e+00]
[84200, 0.02304377779364586, 99.0]
[84400, 0.0, 100.0]
eval time 84500
[ 0.62 97.52  1.12]
[2.000e-02 9.958e+01 1.210e+00]
[84600, 0.023035775870084763, 99.0]
[84800, 0.028626229614019394, 99.0]
[85000, 0.001193947158753872, 100.0]
eval time 85000
[ 0.73 97.28  1.11]
[5.000e-02 9.948e+01 1.190e+00]
Folder already exists, beware of overriding old data!
[85200, 0.02308216132223606, 99.0]
[85400, 0.02302824892103672, 99.0]
eval time 85500
[ 0.65 97.    1.14]
[5.000e-02 9.921e+01 1.170e+00]
[85600, 8.875326602719724e-05, 100.0]
[85800, 0.021254604682326317, 99.0]
[86000, 0.023025885224342346, 99.0]
eval time 86000
[ 0.83 97.21  1.12]
[5.000e-02 9.948e+01 1.220e+00]
[86200, 0.30223309993743896, 99.0]
[86400, 0.023026127368211746, 99.0]
eval time 86500
[ 0.76 97.66  1.11]
[3.000e-02 9.966e+01 1.200e+00]
[86600, 0.29289811849594116, 98.0]
[86800, 0.0, 100.0]
[87000, 0.017488665878772736, 99.0]
eval time 87000
[ 0.78 97.21  1.14]
[5.000e-02 9.939e+01 1.200e+00]
[87200, 0.08370698988437653, 98.0]
[87400, 0.0, 100.0]
eval time 87500
[ 1.08 97.05  1.15]
[ 0.11 99.24  1.21]
[87600, 0.02302585542201996, 99.0]
[87800, 0.023351969197392464, 99.0]
[88000, 0.07200013101100922, 99.0]
eval time 88000
[ 0.81 97.08  1.11]
[4.000e-02 9.938e+01 1.180e+00]
[88200, 0.03786199167370796, 98.0]
[88400, 0.44535118341445923, 97.0]
eval time 88500
[ 0.9  97.03  1.12]
[6.000e-02 9.926e+01 1.170e+00]
[88600, 0.0006349140894599259, 100.0]
[88800, 0.2222394347190857, 98.0]
[89000, 0.0012812890345230699, 100.0]
eval time 89000
[ 0.72 97.05  1.12]
[6.000e-02 9.923e+01 1.200e+00]
[89200, 0.002447637729346752, 100.0]
[89400, 0.023028302937746048, 99.0]
eval time 89500
[ 0.7  97.06  1.1 ]
[5.000e-02 9.932e+01 1.150e+00]
[89600, 0.02302585355937481, 99.0]
[89800, 1.19209286886246e-09, 100.0]
[90000, 0.02287854626774788, 99.0]
eval time 90000
[ 0.86 97.13  1.11]
[6.000e-02 9.936e+01 1.160e+00]
Folder already exists, beware of overriding old data!
[90200, 0.02289877086877823, 100.0]
[90400, 0.0, 100.0]
eval time 90500
[ 0.67 97.52  1.11]
[2.000e-02 9.959e+01 1.200e+00]
[90600, 0.02302585169672966, 99.0]
[90800, 0.02705121599137783, 99.0]
[91000, 1.19209286886246e-09, 100.0]
eval time 91000
[ 0.64 97.44  1.08]
[3.000e-02 9.955e+01 1.180e+00]
[91200, 0.38174569606781006, 98.0]
[91400, 0.06576157361268997, 99.0]
eval time 91500
[ 0.68 97.52  1.09]
[3.000e-02 9.956e+01 1.190e+00]
[91600, 3.480867007965571e-07, 100.0]
[91800, 0.023038329556584358, 99.0]
[92000, 0.05248810723423958, 98.0]
eval time 92000
[ 0.78 97.52  1.1 ]
[2.000e-02 9.964e+01 1.220e+00]
[92200, 1.2840130693803076e-05, 100.0]
[92400, 0.02302585169672966, 99.0]
eval time 92500
[ 0.68 97.66  1.09]
[1.000e-02 9.979e+01 1.120e+00]
[92600, 4.363016330444225e-07, 100.0]
[92800, 8.577528205933049e-05, 100.0]
[93000, 0.02323153428733349, 99.0]
eval time 93000
[ 0.77 97.68  1.13]
[1.000e-02 9.974e+01 1.230e+00]
[93200, 0.0066495658829808235, 100.0]
[93400, 2.384185515680315e-09, 100.0]
eval time 93500
[ 0.81 97.64  1.13]
[1.000e-02 9.979e+01 1.180e+00]
[93600, 0.08187349140644073, 99.0]
[93800, 0.23754045367240906, 99.0]
[94000, 8.463823775173296e-08, 100.0]
eval time 94000
[ 0.84 97.43  1.09]
[2.000e-02 9.955e+01 1.180e+00]
[94200, 0.023652518168091774, 99.0]
[94400, 4.964771505910903e-05, 100.0]
eval time 94500
[ 0.87 97.53  1.11]
[3.000e-02 9.969e+01 1.200e+00]
[94600, 0.012287084013223648, 99.0]
[94800, 0.119725301861763, 98.0]
[95000, 0.022248733788728714, 100.0]
eval time 95000
[ 0.81 97.54  1.08]
[3.000e-02 9.958e+01 1.190e+00]
Folder already exists, beware of overriding old data!
[95200, 2.801380958317168e-07, 100.0]
[95400, 0.028102578595280647, 99.0]
eval time 95500
[ 0.84 97.3   1.12]
[3.000e-02 9.963e+01 1.160e+00]
[95600, 0.9469265937805176, 99.0]
[95800, 5.882439836568665e-06, 100.0]
[96000, 0.02302585169672966, 99.0]
eval time 96000
[ 0.76 97.63  1.09]
[3.000e-02 9.966e+01 1.140e+00]
[96200, 0.023040033876895905, 99.0]
[96400, 3.131292260150076e-06, 100.0]
eval time 96500
[ 0.68 97.36  1.1 ]
[3.000e-02 9.954e+01 1.130e+00]
[96600, 0.032127492129802704, 98.0]
[96800, 0.01094211544841528, 99.0]
[97000, 0.15507614612579346, 98.0]
eval time 97000
[ 0.69 97.03  1.08]
[5.000e-02 9.918e+01 1.210e+00]
[97200, 0.023025894537568092, 99.0]
[97400, 0.08577469736337662, 98.0]
eval time 97500
[ 0.9  97.27  1.09]
[3.000e-02 9.951e+01 1.210e+00]
[97600, 0.2877526879310608, 98.0]
[97800, 0.026302428916096687, 99.0]
[98000, 0.045097317546606064, 99.0]
eval time 98000
[ 0.74 96.93  1.09]
[5.000e-02 9.924e+01 1.220e+00]
[98200, 0.1711844950914383, 98.0]
[98400, 0.04605242609977722, 98.0]
eval time 98500
[ 0.75 97.27  1.06]
[5.000e-02 9.928e+01 1.190e+00]
[98600, 0.023036707192659378, 99.0]
[98800, 9.962943295249715e-05, 100.0]
[99000, 0.023025929927825928, 99.0]
eval time 99000
[ 0.79 97.67  1.08]
[3.000e-02 9.955e+01 1.150e+00]
[99200, 0.023025913164019585, 99.0]
[99400, 0.0, 100.0]
eval time 99500
[ 0.78 97.4   1.07]
[4.00e-02 9.95e+01 1.19e+00]
[99600, 0.02432147040963173, 99.0]
[99800, 0.02365201711654663, 99.0]
[100000, 3.7550219644799654e-07, 100.0]
eval time 100000
[ 0.85 97.18  1.07]
[5.000e-02 9.923e+01 1.170e+00]
Folder already exists, beware of overriding old data!